5.029699774898013, 9.995766399758203
4.878666899664253, 9.897842599798121
4.727634024430493, 9.79991879983804
4.576601149196733, 9.701994999877957
4.425568273962973, 9.604071199917875
4.274535398729213, 9.506147399957793
4.123502523495453, 9.408223599997712
3.9724696482616926, 9.31029980003763
3.82143677302793, 9.212376000077548
3.6704038977941673, 9.114452200117466
3.5193710225604047, 9.016528400157384
3.4020201587628325, 8.906157505284089
3.25098728352907, 8.808233705324007
3.099954408295307, 8.710309905363925
2.95448437030793, 8.606002663871285
2.8034514950741674, 8.508078863911203
2.6916634685229806, 8.39132452750535
2.5461934305356033, 8.287017286012711
2.3951605553018407, 8.189093486052629
2.244127680068078, 8.091169686092547
2.0930948048343154, 7.993245886132464
1.9813067782831288, 7.876491549726607
1.8358367402957527, 7.772184308233963
1.7184858764981819, 7.661813413360663
1.5674530012644206, 7.563889613400575
1.4219829632770444, 7.459582371907931
1.2743511633054216, 7.383959318299222
1.1288811253180455, 7.2796520768065776
0.9834110873306694, 7.1753448353139335
0.8323782120969081, 7.077421035353846
0.8160733826079081, 6.929708855740906
0.6650405073741468, 6.831785055780819
0.5195704693867707, 6.727477814288175
0.40221960558919967, 6.617106919414875
0.29599441628439904, 6.493969141476461
0.15052437829702284, 6.389661899983817
0.07241836318202735, 6.260460468664746
-0.07757930383106865, 6.176707460740579
-0.22304934181844488, 6.072400219247935
-0.37408221705220623, 5.974476419287848
-0.4240690579773966, 5.839211334588121
-0.52174988246218, 5.770934324383722
-0.660095016920062, 5.716610080555086
-0.7382010320350575, 5.587408649236016
-0.8107442099036678, 5.451823776384389
-0.8234733023828604, 5.38626591678696
-0.8904790386235701, 5.333377089603398
-0.9433775727978775, 5.328965588621294
-1.0001531366565934, 5.2343202126320705
-1.0546676066075036, 5.119609361500821
-1.1664556331586893, 5.002855025094964
-1.298202722149521, 4.956318131769692
-1.2184332608575434, 4.9654807940178
-1.3512155580690404, 4.904773108656608
4.9891292673656995, 9.972038827420983
4.8380963921319395, 9.8741150274609
4.68706351689818, 9.776191227500819
4.53603064166442, 9.678267427540737
4.38499776643066, 9.580343627580655
4.2339648911969, 9.482419827620573
4.08293201596314, 9.384496027660491
3.9318991407293784, 9.28657222770041
3.7808662654956158, 9.188648427740327
3.629833390261853, 9.090724627780245
3.4788005150280905, 8.992800827820163
3.327767639794328, 8.894877027860081
3.1822976018069506, 8.790569786367442
3.031264726573188, 8.69264598640736
2.8802318513394254, 8.594722186447278
2.7291989761056628, 8.496798386487196
2.6118481123080906, 8.386427491613901
2.4944972485105184, 8.276056596740606
2.349027210523141, 8.171749355247966
2.1979943352893785, 8.073825555287884
2.046961460055616, 7.975901755327801
1.8959285848218543, 7.877977955367713
1.7785777210242835, 7.767607060494413
1.6275448457905222, 7.669683260534326
1.4876376450495312, 7.558992577509125
1.3702867812519604, 7.4486216826358245
1.219253906018199, 7.350697882675737
1.0682210307844378, 7.25277408271565
0.9435581376550968, 7.194468221948388
0.7980880996677207, 7.090160980455744
0.6863000731165348, 6.973406644049887
0.6026312207551542, 6.850588654263373
0.45716118276777806, 6.746281412770729
0.31169114478040194, 6.641974171278085
0.16169347776730597, 6.5582211633539185
0.044342613969734886, 6.447850268480618
-0.09556458677125612, 6.337159585455417
-0.1837610681583566, 6.234895829237381
-0.2814418926431401, 6.166618819032982
-0.34258540234775214, 6.086739349522283
-0.44881059165255277, 5.963601571583869
-0.5853167171314053, 5.875211634910046
-0.7307867551187814, 5.770904393417402
-0.7747148950217944, 5.714070246469677
-0.7695295900746911, 5.5951257950966315
-0.8577260714617916, 5.492862038878595
-0.9074938287619103, 5.460052997132346
-0.9901274729026257, 5.3514057993817525
-1.1244718363972315, 5.234331674823995
-1.2744695034103275, 5.150578666899828
-1.2881654664732778, 5.122087460132302
-1.3132610977002261, 5.037890850023847
-1.3361949669429278, 4.925010052031458
-1.436037553411958, 4.885417229710993
-1.4926534340908502, 4.784983526631817
5.029699774898013, 9.995766399758203
4.878666899664253, 9.897842599798121
4.727634024430493, 9.79991879983804
4.576601149196733, 9.701994999877957
4.425568273962973, 9.604071199917875
4.274535398729213, 9.506147399957793
4.123502523495453, 9.408223599997712
3.9724696482616926, 9.31029980003763
3.82143677302793, 9.212376000077548
3.7040859092303577, 9.102005105204253
3.553053033996595, 9.00408130524417
3.4020201587628325, 8.906157505284089
3.25098728352907, 8.808233705324007
3.099954408295307, 8.710309905363925
2.9489215330615446, 8.612386105403843
2.797888657827782, 8.514462305443761
2.6468557825940193, 8.416538505483679
2.4958229073602567, 8.318614705523597
2.344790032126494, 8.220690905563515
2.199319994139117, 8.116383664070876
2.048287118905354, 8.018459864110794
1.8972542436715927, 7.920536064150707
1.7462213684378314, 7.82261226419062
1.6007513304504553, 7.718305022697976
1.449718455216694, 7.620381222737889
1.309811254475703, 7.509690539712688
1.1881368667096388, 7.456688020607256
1.0371039914758775, 7.358764220647169
0.8860711162421162, 7.260840420687082
0.7742830896909304, 7.144086084281224
0.6569322258933594, 7.033715189407924
0.5350537330700686, 6.943898528103101
0.451384880708688, 6.821080538316587
0.30591484272131186, 6.716773296823943
0.23337166485270155, 6.581188423972316
0.13682794591316563, 6.516818909824398
-0.008642092074210593, 6.412511668331754
-0.05862893299940094, 6.277246583632027
-0.16485412230420157, 6.154108805693613
-0.12718169732139697, 6.014334794461386
-0.1501155665640989, 5.901453996468997
-0.2977473665357218, 5.8258309428602875
-0.36423184338215475, 5.768677007760663
-0.4633321291574613, 5.695522227486257
-0.547000981518842, 5.572704237699743
-0.6036168621977342, 5.472270534620567
-0.7490869001851104, 5.367963293127923
-0.7823852293711452, 5.213547883830526
-0.8211320853121609, 5.13977652956168
-0.8749465864300525, 5.146694199914381
-0.9582282645110558, 5.129953102018037
-0.9965935671676835, 5.066735513537756
-1.087574448860834, 4.995982557857281
-1.230447212344436, 4.962212547597122
-1.2316324617638297, 4.947345964700835
-1.2269216145513893, 4.901328732790419
4.9891292673656995, 9.972038827420983
4.8380963921319395, 9.8741150274609
4.68706351689818, 9.776191227500819
4.53603064166442, 9.678267427540737
4.38499776643066, 9.580343627580655
4.2339648911969, 9.482419827620573
4.08293201596314, 9.384496027660491
3.9318991407293784, 9.28657222770041
3.7808662654956158, 9.188648427740327
3.629833390261853, 9.090724627780245
3.4788005150280905, 8.992800827820163
3.327767639794328, 8.894877027860081
3.1767347645605652, 8.7969532279
3.0257018893268026, 8.699029427939918
2.8802318513394254, 8.594722186447278
2.7291989761056628, 8.496798386487196
2.5837289381182855, 8.392491144994557
2.4281684338588034, 8.315121578602952
2.277135558625041, 8.21719777864287
2.1316655206376636, 8.11289053715023
2.0143146568400914, 8.002519642276935
1.8688446188527152, 7.898212400784291
1.717811743618954, 7.800288600824204
1.5667788683851926, 7.702364800864117
1.4213088303978165, 7.5980575593714725
1.3095208038466308, 7.481303222965615
1.2258519514852504, 7.358485233179102
1.1211888284635587, 7.291713894437253
1.0486456505949486, 7.156129021585626
0.9312947867973776, 7.045758126712325
0.7858247488100015, 6.941450885219681
0.6892810298704657, 6.877081371071763
0.5774930033192799, 6.760327034665906
0.43758580257828894, 6.649636351640705
0.35947978746329345, 6.520434920321635
0.2084469122295321, 6.4225111203615475
0.09665888567834621, 6.30575678395569
0.0129900333169655, 6.182938794169177
-0.1269171674240255, 6.072248111143976
-0.21058601978540623, 5.949430121357462
-0.25287365709844917, 5.868176894441866
-0.23358115008494362, 5.797709769270279
-0.2521470734817494, 5.670063064799365
-0.32255388498459747, 5.594873491264425
-0.41467187222299573, 5.520213039527469
-0.480207243533009, 5.446464500918816
-0.4763461699334293, 5.425660585259337
-0.47847289431809614, 5.35878116799233
-0.5408366910416817, 5.359598720736285
-0.6414990431000972, 5.230077501265314
-0.6182795890251854, 5.151583788328221
-0.6412134582678873, 5.038702990335832
-0.7603135141508431, 4.974013688036013
5.006816062840793, 9.970784571073654
4.855783187607033, 9.872860771113572
4.704750312373273, 9.77493697115349
4.553717437139513, 9.677013171193408
4.402684561905753, 9.579089371233326
4.251651686671993, 9.481165571273245
4.100618811438233, 9.383241771313163
3.9495859362044716, 9.28531797135308
3.798553060970709, 9.187394171392999
3.6475201857369464, 9.089470371432917
3.4964873105031837, 8.991546571472835
3.345454435269421, 8.893622771512753
3.189893931009939, 8.816253205121148
3.0388610557761764, 8.718329405161066
2.8878281805424137, 8.620405605200984
2.747920979801422, 8.509714922175787
2.5968881045676593, 8.411791122215705
2.4569809038266675, 8.301100439190508
2.305948028592905, 8.203176639230426
2.1885971647953326, 8.09280574435713
2.0354025275773235, 8.023566132280981
1.9236145010261378, 7.906811795875124
1.7781444630387617, 7.80250455438248
1.6271115878050004, 7.704580754422393
1.4760787125712391, 7.606656954462306
1.3587278487736683, 7.496286059589005
1.207694973539907, 7.398362259628918
1.067787772798916, 7.287671576603717
0.9559997462477303, 7.17091724019786
0.8038403172503876, 7.1158484201576275
0.6920522906992018, 6.99909408375177
0.580264264148016, 6.882339747345913
0.5162654510994229, 6.801615642228301
0.37635825035843196, 6.6909249592031
0.259007386560861, 6.5805540643297995
0.11910018581986997, 6.469863381304599
0.02255646688033406, 6.405493867156681
-0.09479439691723701, 6.29512297228338
-0.2235759231654576, 6.171665406193066
-0.37357359017855357, 6.087912398268899
-0.39650745942125554, 5.97503160027651
-0.4538063296782159, 5.891831549682822
-0.5122423054804238, 5.804724003032653
-0.5847854833490341, 5.669139130181025
-0.6508751553439431, 5.6494546490918225
-0.6912824232284509, 5.583221124162031
-0.664219809564867, 5.599121292919049
-0.7468534537055823, 5.490474095168456
-0.7074902735464965, 5.443896928166756
-0.8630507778059776, 5.366527361775146
-0.853001663237186, 5.317631383208135
-0.9950706259624237, 5.2356248880668685
-1.0819674428153676, 5.169939026252283
-1.1366066403083215, 5.135688949579747
-1.2324673696697892, 5.054085782946341
-1.2890832503486813, 4.953652079867165
4.9891292673656995, 9.972038827420983
4.8380963921319395, 9.8741150274609
4.68706351689818, 9.776191227500819
4.53603064166442, 9.678267427540737
4.41867977786685, 9.567896532667442
4.26764690263309, 9.46997273270736
4.11661402739933, 9.372048932747278
3.9655811521655693, 9.274125132787196
3.8145482769318066, 9.176201332827114
3.663515401698044, 9.078277532867032
3.5124825264642814, 8.98035373290695
3.3614496512305188, 8.882429932946868
3.210416775996756, 8.784506132986786
3.0593839007629935, 8.686582333026704
2.908351025529231, 8.588658533066623
2.7628809875418536, 8.484351291573983
2.611848112308091, 8.386427491613901
2.4608152370743284, 8.288503691653819
2.3209080363333365, 8.177813008628622
2.1754379983459593, 8.073505767135982
2.0244051231121967, 7.9755819671758985
1.8733722478784354, 7.877658167215811
1.722339372644674, 7.779734367255724
1.6049885088471032, 7.6693634723824236
1.453955633613342, 7.571439672422336
1.3029227583795806, 7.473515872462249
1.1574527203922045, 7.369208630969605
1.0119826824048284, 7.264901389476961
0.8665126444174522, 7.160594147984317
0.7210426064300761, 7.056286906491673
0.6036917426325051, 6.9459160116183725
0.45265886739874384, 6.847992211658285
0.3430072072133203, 6.791633174569116
0.23121918066213445, 6.674878838163258
0.15311316554713894, 6.545677406844188
0.013205964806147927, 6.434986723818987
-0.10414489899142315, 6.324615828945687
-0.24405209973241415, 6.213925145920486
-0.30639050083751523, 6.125663211463819
-0.45186053882489136, 6.021355969971175
-0.4954724074854578, 6.038243278769145
-0.6016975967902585, 5.915105500830731
-0.7023599488486739, 5.78558428135976
-0.7460635188616528, 5.725245439536074
-0.7689973881043547, 5.612364641543685
-0.9144674260917308, 5.508057400051041
-0.8963698104787142, 5.4292078099334855
-1.033679736715931, 5.38905435814077
-1.1555582295392217, 5.299237696835947
-1.2347907984177984, 5.212891245436731
-1.3314364146819164, 5.1587850272682525
-1.3981427616329136, 5.0852889992901105
-1.478509870655715, 4.976153043113066
-1.5476519732621865, 4.8628689166128165
-1.540256910461412, 4.860546090226258
-1.4951063231659072, 4.80408078681604
4.9891292673656995, 9.972038827420983
4.8380963921319395, 9.8741150274609
4.68706351689818, 9.776191227500819
4.53603064166442, 9.678267427540737
4.38499776643066, 9.580343627580655
4.26764690263309, 9.46997273270736
4.11661402739933, 9.372048932747278
3.9655811521655693, 9.274125132787196
3.8145482769318066, 9.176201332827114
3.663515401698044, 9.078277532867032
3.5124825264642814, 8.98035373290695
3.3614496512305188, 8.882429932946868
3.2159796132431415, 8.778122691454229
3.064946738009379, 8.680198891494147
2.9139138627756163, 8.582275091534065
2.7628809875418536, 8.484351291573983
2.611848112308091, 8.386427491613901
2.4608152370743284, 8.288503691653819
2.3097823618405657, 8.190579891693737
2.158749486606803, 8.092656091733655
2.013279448619426, 7.988348850241015
1.8622465733856646, 7.890425050280927
1.7112136981519033, 7.79250125032084
1.5657436601645272, 7.688194008828196
1.4483927963669563, 7.577823113954896
1.297359921133195, 7.4798993139948085
1.1518898831458189, 7.375592072502164
1.0008570079120576, 7.277668272542077
0.8609498071710666, 7.166977589516876
0.7210426064300757, 7.056286906491676
0.5700097311963144, 6.958363106531588
0.484079784927128, 6.855610591887101
0.35129748771563113, 6.794902906525908
0.21139028697464013, 6.684212223500707
0.06139261996154411, 6.6004592155765405
-0.04483256934325653, 6.4773214376381265
-0.17917693283786235, 6.360247313080369
-0.28992975116838277, 6.257663768710432
-0.38190513341419524, 6.234491986100035
-0.4488854740364204, 6.092523671715851
-0.5838295332321639, 6.060500174238593
-0.6282535369109691, 5.918851648006309
-0.7108871810516844, 5.810204450255716
-0.8563572190390605, 5.705897208763072
-0.9468147943339666, 5.6236989276870615
-1.0189707979221996, 5.594190946725604
-1.1104635814377712, 5.497821873613673
-1.1627115162707673, 5.382622264055972
-1.2190111257072132, 5.355910016722491
-1.263435129386018, 5.214261490490207
-1.3053186042756812, 5.140596492237514
-1.342870568816208, 5.075207602914636
-1.4546585953673936, 4.958453266508779
-1.44947329042029, 4.8395088151357335
-1.4215919967093642, 4.8665049269875045
5.022121811466238, 9.979736104583466
4.871088936232478, 9.881812304623384
4.720056060998718, 9.783888504663302
4.569023185764958, 9.68596470470322
4.417990310531198, 9.588040904743139
4.266957435297438, 9.490117104783057
4.115924560063678, 9.392193304822975
3.964891684829917, 9.294269504862893
3.8138588095961543, 9.19634570490281
3.6628259343623917, 9.098421904942729
3.5173558963750144, 8.99411466345009
3.366323021141252, 8.896190863490007
3.215290145907489, 8.798267063529925
3.0642572706737266, 8.700343263569843
2.913224395439964, 8.602419463609762
2.7621915202062013, 8.50449566364968
2.6111586449724387, 8.406571863689598
2.460125769738676, 8.308648063729516
2.342774905941104, 8.19827716885622
2.2254240421435316, 8.087906273982925
2.08551684140254, 7.977215590957727
1.9400468034151632, 7.872908349465083
1.789013928181402, 7.774984549504996
1.6987160360663194, 7.686997941339033
1.5813651722687485, 7.576627046465733
1.4303322970349872, 7.4787032465056456
1.284862259047611, 7.3743960050130015
1.1730742324964254, 7.257641668607144
1.022041357262664, 7.159717868647057
0.8710084820289028, 7.06179406868697
0.7669196590898644, 6.9990515900652435
0.6341373618783676, 6.938343904704051
0.4942301611373766, 6.82765322167885
0.4161241460223811, 6.69845179035978
0.3931902767796792, 6.585570992367391
0.2421574015459179, 6.487647192407303
0.19986976423287495, 6.4063939654917075
0.04883688899911349, 6.30847016553162
-0.06851397479845758, 6.19809927065832
-0.21398401278583382, 6.093792029165676
-0.2705998934647261, 5.9933583260865
-0.4261603977242072, 5.91598875969489
-0.5401101862596398, 5.827918611172967
-0.6596228120414576, 5.746231904183601
-0.768009763330505, 5.651778314129121
-0.8742349526353056, 5.528640536190707
-0.9100436884561627, 5.4742082138369135
-1.0162688777609632, 5.3510704358984995
-1.0236931618339777, 5.348821730394086
-1.0759410966669738, 5.233622120836385
-1.139939909715567, 5.1528980157187725
-1.086927947178113, 5.168527132528057
-1.1661001648004252, 5.067773641296981
-1.2508352196691226, 4.973403591598461
-1.3626232462203083, 4.856649255192604
5.006816062840793, 9.970784571073654
4.855783187607033, 9.872860771113572
4.704750312373273, 9.77493697115349
4.553717437139513, 9.677013171193408
4.402684561905753, 9.579089371233326
4.251651686671993, 9.481165571273245
4.100618811438233, 9.383241771313163
3.9495859362044716, 9.28531797135308
3.798553060970709, 9.187394171392999
3.6475201857369464, 9.089470371432917
3.502050147749569, 8.985163129940277
3.3510172725158065, 8.887239329980195
3.199984397282044, 8.789315530020113
3.0489515220482812, 8.691391730060031
2.8979186468145186, 8.59346793009995
2.746885771580756, 8.495544130139868
2.5958528963469933, 8.397620330179786
2.4840648697958065, 8.280865993773933
2.3385948318084293, 8.176558752281293
2.1875619565746667, 8.078634952321211
2.0702110927770945, 7.968264057447914
1.9584230662259083, 7.851509721042057
1.807390190992147, 7.75358592108197
1.7292841758771518, 7.6243844897629
1.5838141378897757, 7.520077248270256
1.4775889485849751, 7.396939470331842
1.3376817478439842, 7.286248787306641
1.192211709856608, 7.181941545813997
1.046741671869232, 7.077634304321353
0.8957087966354706, 6.9797105043612655
0.7457111296223747, 6.895957496437099
0.6731679517537644, 6.7603726235854715
0.5613799252025786, 6.643618287179614
0.4103470499688173, 6.545694487219527
0.33007927286957506, 6.445177243784391
0.19173413841169298, 6.390852999955755
0.12689016415523013, 6.309279984888259
0.06289135110663699, 6.228555879770647
-0.08257868688073923, 6.124248638278003
-0.18324103893915467, 5.994727418807032
-0.2753590261775529, 5.920066967070076
-0.3192871660805659, 5.863232820122351
-0.3483127625350762, 5.82960800945833
-0.37350772568558394, 5.736792686607966
-0.4020044321746711, 5.630295330148134
-0.48117664979698327, 5.529541838917058
-0.44214320043275923, 5.533524034558846
-0.49439113526575534, 5.4183244250011455
-0.47075607802483815, 5.422170880551655
-0.5658555928368684, 5.286266219548128
-0.5877542538589049, 5.187556213591659
-0.560043606255033, 5.111550282494428
4.97523993155271, 9.983060725798149
4.82420705631895, 9.885136925838067
4.67317418108519, 9.787213125877985
4.52214130585143, 9.689289325917903
4.37110843061767, 9.591365525957821
4.22007555538391, 9.493441725997739
4.06904268015015, 9.395517926037657
3.9180098049163883, 9.297594126077575
3.7669769296826257, 9.199670326117493
3.615944054448863, 9.101746526157411
3.498593190651291, 8.991375631284116
3.347560315417528, 8.893451831324034
3.1965274401837656, 8.795528031363952
3.045494564950003, 8.69760423140387
2.933706538398816, 8.580849894998018
2.7826736631650535, 8.482926095037936
2.6653227993674813, 8.37255520016464
2.5142899241337187, 8.274631400204559
2.3969390603361465, 8.164260505331264
2.2514690223487692, 8.059953263838624
2.105998984361392, 7.955646022345982
1.9997737950565906, 7.832508244407568
1.8487409198228293, 7.7345844444474805
1.7572481363072576, 7.63821537133555
1.6173409355662667, 7.527524688310349
1.4663080603325054, 7.429600888350262
1.3208380223451293, 7.3252936468576175
1.1676433851271213, 7.256054034781465
1.0773454930120387, 7.168067426615502
0.9263126177782774, 7.0701436266554145
0.7864054170372865, 6.959452943630214
0.6801802277324859, 6.8363151656918
0.5739550384276852, 6.713177387753386
0.4677298491228846, 6.590039609814972
0.3222598111355085, 6.485732368322328
0.281957316384668, 6.447694272850019
0.17016928983348212, 6.330939936444162
0.05838126328229624, 6.214185600038305
-0.0478439260225044, 6.091047822099891
-0.1227783665510723, 6.036412482133429
-0.20541201069178758, 5.9277652843828355
-0.2575606136012246, 5.821184387567043
-0.21797286355210485, 5.771102525689382
-0.2834165335097056, 5.774580137702385
-0.2968286155669664, 5.726255930590444
-0.4444604155385893, 5.650632876981734
-0.49087151945397234, 5.5975221122975185
-0.6000622715013838, 5.551305007124147
-0.6747672113542409, 5.444404322156454
-0.7239652809766973, 5.4416863667311475
-0.8357533075278831, 5.32493203032529
-0.9267341892210338, 5.254179074644815
-1.0016686297496018, 5.199543734678353
-1.0257973903927926, 5.078280471739996
-1.1646693829131183, 4.9817605807507155
-1.1801828756983612, 4.947713521690848
-1.2183236084649551, 4.880991238334605
4.97523993155271, 9.983060725798149
4.82420705631895, 9.885136925838067
4.678737018331575, 9.780829684345427
4.527704143097815, 9.682905884385345
4.376671267864055, 9.584982084425263
4.231201229876681, 9.480674842932624
4.085731191889306, 9.376367601439984
3.934698316655545, 9.278443801479902
3.794791115914553, 9.167753118454705
3.6437582406807905, 9.069829318494623
3.4982882026934132, 8.965522077001983
3.3472553274596506, 8.867598277041902
3.196222452225888, 8.76967447708182
3.0507524142385107, 8.66536723558918
2.899719539004748, 8.567443435629098
2.7879315124535613, 8.450689099223245
2.6368986372197987, 8.352765299263163
2.5195477734222265, 8.242394404389868
2.4077597468710397, 8.125640067984016
2.2622897088836624, 8.021332826491376
2.1112568336499, 7.9234090265312895
1.9602239584161376, 7.825485226571202
1.8091910831823763, 7.727561426611115
1.658158207948615, 7.629637626651028
1.512688169961239, 7.525330385158384
1.372780969220248, 7.414639702133183
1.2609929426690623, 7.297885365727326
1.1492049161178766, 7.1811310293214685
1.058224034424726, 7.110378073640994
0.9127539964373499, 7.00607083214835
0.8009659698861641, 6.889316495742492
0.655495931898788, 6.785009254249848
0.538145068101217, 6.674638359376548
0.4527270236544515, 6.597501962163516
0.36060903641605324, 6.52284151042656
0.28250302130105776, 6.39364007910749
0.24577822123440002, 6.306003410659337
0.1655104441351578, 6.205486167224201
0.09812110760609247, 6.149223791731547
-0.04075088491423311, 6.052703900742267
-0.19291031391157587, 5.997635080702034
-0.25989065453380095, 5.85566676631785
-0.3661158438386016, 5.732528988379436
-0.4779038703897874, 5.615774651973579
-0.6324291664286031, 5.5525758776178895
-0.6621207643181792, 5.437696056212089
-0.679491796314496, 5.318431816687143
-0.7801541483729114, 5.188910597216172
-0.8829782624155736, 5.088073565629136
-1.0396653204386361, 5.053558979157381
-1.0981012962408438, 4.9664514325072115
5.006816062840793, 9.970784571073654
4.855783187607033, 9.872860771113572
4.704750312373273, 9.77493697115349
4.553717437139513, 9.677013171193408
4.402684561905753, 9.579089371233326
4.251651686671993, 9.481165571273245
4.100618811438233, 9.383241771313163
3.9495859362044716, 9.28531797135308
3.8322350724068994, 9.174947076479786
3.681202197173137, 9.077023276519704
3.5357321591857596, 8.972716035027064
3.384699283951997, 8.874792235066982
3.2336664087182343, 8.7768684351069
3.088196370730857, 8.67256119361426
2.970845506933285, 8.562190298740965
2.8534946431357127, 8.45181940386767
2.70246176790195, 8.353895603907588
2.5514288926681874, 8.255971803947507
2.445203703363386, 8.132834026009096
2.333415676812199, 8.016079689603243
2.1823828015784366, 7.918155889643156
2.0424756008374447, 7.807465206617955
1.8914427256036832, 7.709541406657868
1.8534722277985796, 7.683793272188009
1.762491346105429, 7.613040316507534
1.6114584708716677, 7.5151165165474465
1.4659884328842916, 7.4108092750548025
1.359763243579491, 7.2876714971163885
1.214293205592115, 7.1833642556237445
1.074386004851124, 7.072673572598544
0.9819263507517948, 7.013371152316515
0.9253104700729026, 6.912937449237339
0.8190852807681019, 6.789799671298925
0.7668373459351059, 6.674600061741224
0.6765394538200233, 6.586613453575262
0.5310694158326472, 6.482306212082618
0.47882148099965116, 6.367106602524917
0.3951526286382705, 6.244288612738403
0.3226094507696602, 6.108703739886776
0.23463483948712408, 6.022782076547257
0.13397248742870865, 5.893260857076286
0.01333330788330954, 5.854429130006775
-0.04787055307756712, 5.788956700327937
-0.09376975517052925, 5.761462053075177
-0.13003364709917486, 5.683967316542822
-0.13886031427547446, 5.619563844751891
-0.17081300607285632, 5.5247494984881165
-0.25674295234204275, 5.421996983843629
-0.390651803317121, 5.404144278402291
-0.4842146474645269, 5.413685543795951
-0.639775151724008, 5.3363159774043405
-0.7277497630065441, 5.250394314064821
-0.758066564618947, 5.157223114033996
-0.8587289166773624, 5.027701894563025
-0.9294171207359221, 4.996216210897824
-0.9348511720263472, 4.977081980421623
5.029699774898013, 9.995766399758203
4.878666899664253, 9.897842599798121
4.727634024430493, 9.79991879983804
4.582163986443119, 9.6956115583454
4.431131111209359, 9.597687758385318
4.280098235975599, 9.499763958425236
4.129065360741839, 9.401840158465154
3.9780324855080784, 9.303916358505072
3.826999610274316, 9.20599255854499
3.675966735040553, 9.108068758584908
3.5249338598067905, 9.010144958624826
3.373900984573028, 8.912221158664744
3.2565501207754557, 8.801850263791449
3.1110800827880785, 8.69754302229881
2.9937292189905063, 8.587172127425514
2.848259181003129, 8.482864885932875
2.708351980262137, 8.372174202907678
2.56288194227476, 8.267866961415038
2.4455310784771878, 8.157496066541743
2.294498203243425, 8.059572266581661
2.1545910025024333, 7.948881583556462
2.0035581272686707, 7.850957783596375
1.8503634900506627, 7.781718171520222
1.738575463499477, 7.6649638351143645
1.6323502741946765, 7.541826057175951
1.4980059107000707, 7.424751932618193
1.386217884148885, 7.307997596212336
1.246310683407894, 7.197306913187135
1.1682046682928988, 7.068105481868065
1.0564166417417131, 6.9513511454622074
0.9390657779441421, 6.840980250588907
0.8553969255827615, 6.718162260802393
0.7987810449038693, 6.617728557723217
0.6792684191220515, 6.536041850733851
0.6122880784998264, 6.3940735363496675
0.5005000519486406, 6.27731919994381
0.3809874261668228, 6.195632492954444
0.27476223686202217, 6.07249471501603
0.1237293616282607, 5.974570915055943
0.05934629550980995, 5.9031398319042445
-0.015457976266606069, 5.787620434194643
-0.05564337404654949, 5.737729002143369
-0.045424121818484244, 5.685273655033577
-0.09767205665148035, 5.570074045475876
-0.1236801781322079, 5.55537643285414
-0.16771700753063562, 5.519804798512026
-0.23407113583903552, 5.477713215055292
-0.25700500508173746, 5.364832417062903
-0.3621949861658727, 5.25586543116041
-0.4094797794536215, 5.219333007150651
-0.4122795686995124, 5.230340262319242
-0.5037040145781764, 5.185208634073134
-0.4808887229266445, 5.0991266924731375
-0.5600609405489566, 4.998373201242061
5.006816062840793, 9.970784571073654
4.855783187607033, 9.872860771113572
4.704750312373273, 9.77493697115349
4.553717437139513, 9.677013171193408
4.402684561905753, 9.579089371233326
4.257214523918378, 9.474782129740687
4.106181648684618, 9.376858329780605
3.9551487734508575, 9.278934529820523
3.804115898217095, 9.181010729860441
3.653083022983332, 9.08308692990036
3.5131758222423404, 8.972396246875162
3.3621429470085777, 8.87447244691508
3.211110071774815, 8.776548646954998
3.0600771965410525, 8.678624846994916
2.9482891699898657, 8.561870510589063
2.8028191320024884, 8.457563269096424
2.657349094015111, 8.353256027603784
2.5736802416537294, 8.230438037817276
2.4618922151025426, 8.113683701411423
2.3164221771151654, 8.009376459918784
2.199071313317593, 7.899005565045483
2.0514395133459695, 7.823382511436773
1.9004066381122078, 7.725458711476686
1.788618611561022, 7.608704375070829
1.6487114108200311, 7.498013692045628
1.5088042100790402, 7.387323009020427
1.4025790207742397, 7.264185231082013
1.2830663949924221, 7.182498524092647
1.1712783684412365, 7.06574418768679
1.1146624877623443, 6.965310484607614
1.052483769837067, 6.871260223060995
0.9372033224808268, 6.789230912259535
0.7972961217398359, 6.6785402292343345
0.7277344714448576, 6.604199565649279
0.6395379900577571, 6.5019358094312425
0.6092211884453543, 6.408764609400417
0.5399797539153235, 6.286861770158259
0.4153168607859825, 6.228555909390997
0.40467009848636726, 6.177478594029073
0.4029683348395618, 6.16305811990215
0.37977643675665307, 6.119869917535333
0.3352277055358044, 6.058682165761763
0.3527132346086837, 6.02942166427417
0.2693805628432716, 5.997206380862168
0.23694527231564882, 5.975589325099927
0.24069765641981378, 5.976047922046058
0.14003530436139833, 5.846526702575087
0.0393729523029829, 5.717005483104116
0.014618987936965325, 5.617450841540734
-0.08645236002829038, 5.573635560961293
-0.19936694034305755, 5.49973620447529
-0.2559828210219498, 5.3993025013961145
-0.32326738441734787, 5.371235555360943
-0.39250881894737877, 5.2493327161187855
-0.43013764989155157, 5.208226550193999
-0.5138065022529322, 5.085408560407485
4.97523993155271, 9.983060725798149
4.82420705631895, 9.885136925838067
4.67317418108519, 9.787213125877985
4.527704143097815, 9.682905884385345
4.382234105110441, 9.578598642892706
4.231201229876681, 9.480674842932624
4.085731191889306, 9.376367601439984
3.934698316655545, 9.278443801479902
3.7892282786681677, 9.174136559987263
3.6437582406807905, 9.069829318494623
3.537533051375989, 8.946691540556213
3.4257450248248023, 8.82993720415036
3.2747121495910396, 8.732013404190278
3.140367786096433, 8.614939279632523
2.994897748109056, 8.510632038139883
2.883109721557869, 8.39387770173403
2.7432025208168773, 8.283187018708833
2.665096505701881, 8.153985587389768
2.5140636304681183, 8.056061787429686
2.4314299863274025, 7.947414589679095
4.97523993155271, 9.983060725798149
4.82420705631895, 9.885136925838067
4.67317418108519, 9.787213125877985
4.52214130585143, 9.689289325917903
4.376671267864055, 9.584982084425263
4.225638392630295, 9.487058284465181
4.074605517396535, 9.3891344845051
3.9964995022815413, 9.259933053186034
3.8454666270477786, 9.162009253225952
3.6999965890604014, 9.057702011733312
3.5489637138266388, 8.95977821177323
3.4316128500290666, 8.849407316899935
3.280579974795304, 8.751483516939853
3.1632291109977317, 8.641112622066558
3.02332191025674, 8.53042193904136
2.927461180895271, 8.448818772407959
2.8101103170976987, 8.338447877534664
2.6646402791103214, 8.234140636042024
2.519170241122944, 8.129833394549385
2.433240294853757, 8.0270808799049
2.3214522683025702, 7.910326543499044
4.9891292673656995, 9.972038827420983
4.8380963921319395, 9.8741150274609
4.68706351689818, 9.776191227500819
4.53603064166442, 9.678267427540737
4.38499776643066, 9.580343627580655
4.2339648911969, 9.482419827620573
4.08293201596314, 9.384496027660491
3.937461977975764, 9.280188786167852
3.7919919399883866, 9.175881544675212
3.6520847392473947, 9.065190861650015
3.501051864013632, 8.967267061689933
3.3500189887798695, 8.86934326172985
3.198986113546107, 8.771419461769769
3.0816352497485346, 8.661048566896474
2.9754100604437332, 8.537910788958063
2.8636220338925464, 8.42115645255221
2.718151995905169, 8.316849211059571
2.5782447951641774, 8.206158528034374
2.567502802921562, 8.052062906888882
2.417505135908465, 7.968309898964716
2.325045481809135, 7.909007478682687
5.022121811466238, 9.979736104583466
4.871088936232478, 9.881812304623384
4.720056060998718, 9.783888504663302
4.569023185764958, 9.68596470470322
4.417990310531198, 9.588040904743139
4.266957435297438, 9.490117104783057
4.149606571499868, 9.379746209909761
3.998573696266108, 9.28182240994968
3.847540821032345, 9.183898609989598
3.702070783044968, 9.079591368496958
3.590282756493781, 8.962837032091105
3.4392498812600185, 8.864913232131023
3.2993426805190267, 8.754222549105826
3.1819918167214545, 8.643851654232531
3.062479190939636, 8.562164947243168
2.9170091529522586, 8.457857705750529
2.7771019522112668, 8.347167022725332
2.6597510884136946, 8.236796127852037
2.508718213179932, 8.138872327891955
2.36881101243894, 8.028181644866757
2.240029486190719, 7.904724078776443
4.9891292673656995, 9.972038827420983
4.8380963921319395, 9.8741150274609
4.68706351689818, 9.776191227500819
4.53603064166442, 9.678267427540737
4.38499776643066, 9.580343627580655
4.2339648911969, 9.482419827620573
4.08293201596314, 9.384496027660491
3.9655811521655693, 9.274125132787196
3.8145482769318066, 9.176201332827114
3.663515401698044, 9.078277532867032
3.518045363710667, 8.973970291374393
3.367012488476904, 8.87604649141431
3.2552244619257173, 8.759292155008458
3.1041915866919547, 8.661368355048376
2.953158711458192, 8.563444555088294
2.8413706849070053, 8.446690218682441
2.695900646919628, 8.342382977189802
