5.029699774898013, 9.995766399758203
4.878666899664253, 9.897842599798121
4.727634024430493, 9.79991879983804
4.576601149196733, 9.701994999877957
4.425568273962973, 9.604071199917875
4.274535398729213, 9.506147399957793
4.123502523495453, 9.408223599997712
3.9724696482616926, 9.31029980003763
3.82143677302793, 9.212376000077548
3.6704038977941673, 9.114452200117466
3.5193710225604047, 9.016528400157384
3.368338147326642, 8.918604600197302
3.2173052720928794, 8.82068080023722
3.066272396859117, 8.722757000277138
2.9489215330615446, 8.612386105403843
2.797888657827782, 8.514462305443761
2.6468557825940193, 8.416538505483679
2.4958229073602567, 8.318614705523597
2.3503528693728795, 8.214307464030957
2.2104456686318876, 8.10361678100576
2.0930948048343154, 7.993245886132464
1.9757439410367434, 7.882874991259164
1.8583930772391726, 7.772504096385863
1.7073602020054113, 7.674580296425776
1.55632732677165, 7.576656496465689
1.4108572887842739, 7.472349254973045
1.2653872507968977, 7.368042013480401
1.1480363869993269, 7.2576711186071
0.9924758827398457, 7.18030155221549
0.8806878561886599, 7.063547215809633
0.7352178182012837, 6.959239974316989
0.6656561679063054, 6.884899310731933
0.5201861299189293, 6.780592069239289
0.369153254685168, 6.682668269279202
0.21915558767207205, 6.598915261355035
0.07368554968469579, 6.494608019862391
-0.040264238850736794, 6.406537871340468
-0.13056213096581945, 6.3185512631745056
-0.22086002308090213, 6.230564655008543
-0.32708521238570276, 6.107426877070129
-0.4367368725711263, 6.051067839980959
-0.5180708521776853, 5.978998536633817
-0.6171711379529918, 5.9058437563594115
-0.69031401152274, 5.855309510588284
-0.8021020380739258, 5.7385551741824266
-0.8515930152233239, 5.688104468767259
-0.9425738969164745, 5.617351513086784
-1.0543619234676604, 5.500597176680927
-1.0966495607807032, 5.419343949765331
-1.1508960004261006, 5.429743544582689
-1.2131427001787893, 5.418707760747679
-1.3238955185093098, 5.316124216377742
-1.4301207078141103, 5.192986438439328
-1.489581340055317, 5.138470575729574
-1.5671914913945204, 5.094083523695063
-1.6126816975806422, 4.980882937550773
-1.6515428640130618, 4.832850969785933
-1.7098645293238657, 4.820004036631758
-1.7908568420694935, 4.7325767018296885
-1.8425095812031382, 4.710810184298455
4.9891292673656995, 9.972038827420983
4.8380963921319395, 9.8741150274609
4.68706351689818, 9.776191227500819
4.53603064166442, 9.678267427540737
4.38499776643066, 9.580343627580655
4.2339648911969, 9.482419827620573
4.08293201596314, 9.384496027660491
3.9318991407293784, 9.28657222770041
3.7808662654956158, 9.188648427740327
3.629833390261853, 9.090724627780245
3.4788005150280905, 8.992800827820163
3.327767639794328, 8.894877027860081
3.1767347645605652, 8.7969532279
3.031264726573188, 8.69264598640736
2.8802318513394254, 8.594722186447278
2.7291989761056628, 8.496798386487196
2.5781661008719, 8.398874586527114
2.460815237074328, 8.288503691653819
2.3097823618405653, 8.190579891693737
2.164312323853188, 8.086272650201098
2.0806434714918063, 7.9634546604145875
1.9296105962580443, 7.8655308604545
1.7841405582706682, 7.761223618961856
1.638670520283292, 7.656916377469212
1.4987633195423011, 7.546225694444011
1.353293281554925, 7.441918452951367
1.213386080813934, 7.3312277699261665
1.1015980542627484, 7.214473433520309
0.9561280162753723, 7.110166192027665
0.8162208155343813, 6.9994755090024645
0.6707507775470052, 6.8951682675098205
0.5870819251856245, 6.772350277723307
0.4416118871982484, 6.668043036230663
0.3298238606470626, 6.551288699824806
0.20516096751772156, 6.492982839057544
0.0541280922839601, 6.395059039097457
-0.0786542049275368, 6.334351353736264
-0.21856140566852786, 6.223660670711063
-0.34775192782358866, 6.185909043512279
-0.4524150508452804, 6.11913770477043
-0.5978850888326566, 6.014830463277786
-0.6445701864192674, 5.893247412187528
-0.7034081803386711, 5.835904936824147
-0.8433153810796621, 5.7252142537989466
-0.90464601658655, 5.747382816058295
-0.9287747772297409, 5.6261195531199375
-1.0798076524635023, 5.52819575315985
-1.1950880998197426, 5.446166442358391
-1.2893678490423877, 5.400190178505369
-1.3567571855714529, 5.343927803012715
-1.3999488537620106, 5.309205078620485
-1.4831218423475991, 5.27120146811853
-1.6285918803349753, 5.166894226625886
-1.66553772170108, 5.108554408215611
-1.7559952969959864, 5.026356127139601
-1.7724872522872621, 4.980691979296708
-1.8042235151901878, 4.882643009195876
-1.9441307159311787, 4.771952326170675
-2.038956237071982, 4.7045199515731895
-2.0912041719049785, 4.589320342015489
5.022121811466238, 9.979736104583466
4.871088936232478, 9.881812304623384
4.720056060998718, 9.783888504663302
4.569023185764958, 9.68596470470322
4.417990310531198, 9.588040904743139
4.266957435297438, 9.490117104783057
4.121487397310063, 9.385809863290417
3.9704545220763023, 9.287886063330335
3.8194216468425397, 9.189962263370253
3.668388771608777, 9.092038463410171
3.5173558963750144, 8.99411466345009
3.366323021141252, 8.896190863490007
3.215290145907489, 8.798267063529925
3.0642572706737266, 8.700343263569843
2.913224395439964, 8.602419463609762
2.7958735316423917, 8.492048568736466
2.6504034936550145, 8.387741327243827
2.5386154671038277, 8.270986990837974
2.387582591870065, 8.173063190877892
2.2757945653188782, 8.05630885447204
2.1247616900851156, 7.958385054511955
1.9737288148513534, 7.8604612545518675
1.8226959396175921, 7.76253745459178
1.6716630643838308, 7.664613654631693
1.5261930263964547, 7.560306413139049
1.3751601511626934, 7.462382613178962
1.2296901131753173, 7.358075371686318
1.078657237941556, 7.26015157172623
0.9276243627077947, 7.162227771766143
0.8158363361566089, 7.045473435360286
0.6703662981692328, 6.941166193867642
0.5248962601818566, 6.836858952374998
0.36933575592237555, 6.759489385983388
0.2294285551813846, 6.648798702958187
0.1566982515104984, 6.615261861876607
0.011228213523122178, 6.510954620383963
-0.09499697578167846, 6.387816842445549
-0.15837058510744498, 6.2853841159529615
-0.298277785848436, 6.174693432927761
-0.43818498658942695, 6.06400274990256
-0.5333098970199417, 6.017177576099654
-0.5954886149452191, 5.923127314553035
-0.6735946300602146, 5.793925883233965
-0.7671320785891359, 5.714387661427002
-0.8452380937041314, 5.585186230107932
-0.9143801963106033, 5.4719021036076825
-1.0710672543336657, 5.437387517135927
-1.146280522016922, 5.407574058317856
-1.2100892880527196, 5.34017183528628
-1.2841785673734176, 5.2863854052697015
-1.3904037566782181, 5.1632476273312875
-1.4518212600540579, 5.014895871414547
-1.4975694950803866, 4.971387880895829
-1.523860017707824, 4.878808805841406
-1.5579505557299478, 4.821313623038045
-1.5930763019727368, 4.7496476481987635
5.022121811466238, 9.979736104583466
4.871088936232478, 9.881812304623384
4.720056060998718, 9.783888504663302
4.574586023011343, 9.679581263170663
4.423553147777583, 9.58165746321058
4.272520272543823, 9.483733663250499
4.121487397310063, 9.385809863290417
3.9704545220763023, 9.287886063330335
3.8194216468425397, 9.189962263370253
3.668388771608777, 9.092038463410171
3.5173558963750144, 8.99411466345009
3.366323021141252, 8.896190863490007
3.215290145907489, 8.798267063529925
3.0642572706737266, 8.700343263569843
2.913224395439964, 8.602419463609762
2.7621915202062013, 8.50449566364968
2.6111586449724387, 8.406571863689598
2.460125769738676, 8.308648063729516
2.3764569173772943, 8.185830073943007
2.230986879389917, 8.081522832450368
2.0799540041561544, 7.983599032490284
1.926759366938146, 7.914359420414131
1.7812893289507699, 7.810052178921487
1.6302564537170086, 7.7121283789614
1.5129055899194377, 7.6017574840880995
1.3618727146856764, 7.503833684128012
1.2164026766983003, 7.399526442635368
1.0709326387109241, 7.295219201142724
0.925462600723548, 7.19091195965008
0.8529194228549377, 7.055327086798453
0.7355685590573667, 6.944956191925153
0.6237805325061809, 6.828201855519295
0.5490755926533238, 6.721301170551603
0.43728756610213804, 6.604546834145745
0.2918175281147619, 6.500239592653101
0.19115517605634647, 6.370718373182131
0.13453929537745415, 6.270284670102955
0.017188431579883076, 6.159913775229654
-0.100162432217688, 6.049542880356354
-0.10044473457397043, 6.040000176299437
-0.12862516982061103, 6.007224275585299
-0.2112588139613263, 5.898577077834706
-0.3119211660197418, 5.7690558583637355
-0.3542088033327847, 5.68780263144814
-0.43787765569416537, 5.564984641661626
-0.554193311271071, 5.468784538824246
-0.5644394397378936, 5.399503296963308
-0.6891023328672345, 5.341197436196047
-0.7661985353800492, 5.315246284113519
-0.89538905753511, 5.277494656914734
-0.9546701945451878, 5.189538200314681
-0.9702545903683615, 5.1231357051103386
-1.0146785940471663, 4.981487178878055
-1.1082160425760876, 4.901948957071093
4.97523993155271, 9.983060725798149
4.82420705631895, 9.885136925838067
4.67317418108519, 9.787213125877985
4.52214130585143, 9.689289325917903
4.37110843061767, 9.591365525957821
4.225638392630295, 9.487058284465181
4.074605517396535, 9.3891344845051
3.9235726421627737, 9.291210684545018
3.772539766929011, 9.193286884584936
3.6215068916952484, 9.095363084624854
3.504156027897676, 8.984992189751559
3.386805164100104, 8.874621294878263
3.2357722888663414, 8.776697494918182
3.0847394136325788, 8.6787736949581
2.933706538398816, 8.580849894998018
2.7826736631650535, 8.482926095037936
2.631640787931291, 8.385002295077854
2.4806079126975282, 8.287078495117772
2.3295750374637656, 8.18915469515769
2.178542162230003, 8.091230895197608
2.066754135678816, 7.974476558791754
1.9157212604450544, 7.876552758831667
1.7646883852112931, 7.77862895887158
1.6247811844703022, 7.667938275846379
1.5074303206727313, 7.557567380973079
1.35639744543897, 7.459643581012991
1.2109274074515939, 7.355336339520347
1.0991393809004082, 7.23858200311449
0.9929141915956077, 7.115444225176076
0.8821613732650873, 7.012860680806139
0.8321745323398969, 6.877595596106413
0.7877505286610917, 6.735947069874129
0.7433265249822866, 6.5942985436418455
0.640082863251118, 6.532404974970003
0.5564140108897373, 6.4095869851834895
0.4583915195440228, 6.356668006434018
0.31848431880303185, 6.245977323408817
0.20113345500546082, 6.1356064285355165
0.11530284065983337, 6.041472626632937
0.012249225941460357, 5.992900940047131
-0.060293951927149925, 5.857316067195504
-0.13283712979576018, 5.721731194343877
-0.13337434527486575, 5.614958511593341
-0.20591752314347603, 5.479373638741714
-0.22625411788240365, 5.43703007198181
-0.23699611012501842, 5.282934450836313
-0.27002044563982536, 5.196991327944958
-0.39776676366738056, 5.087704553890564
-0.4999752171778838, 5.039981777254642
5.006816062840793, 9.970784571073654
4.855783187607033, 9.872860771113572
4.704750312373273, 9.77493697115349
4.553717437139513, 9.677013171193408
4.402684561905753, 9.579089371233326
4.251651686671993, 9.481165571273245
4.100618811438233, 9.383241771313163
3.9495859362044716, 9.28531797135308
3.798553060970709, 9.187394171392999
3.6475201857369464, 9.089470371432917
3.530169321939374, 8.979099476559622
3.384699283951997, 8.874792235066982
3.2336664087182343, 8.7768684351069
3.0826335334844717, 8.678944635146818
2.931600658250709, 8.581020835186736
2.7805677830169464, 8.483097035226654
2.6295349077831838, 8.385173235266572
2.478502032549421, 8.28724943530649
2.3274691573156585, 8.189325635346409
2.1819991193282813, 8.085018393853769
2.0309662440945186, 7.987094593893686
1.8854962061071423, 7.882787352401042
1.7400261681197662, 7.778480110908398
1.6282381415685805, 7.661725774502541
1.4772052663348192, 7.563801974542454
1.326172391101058, 7.465878174582366
1.208821527303487, 7.355507279709066
1.084158634174146, 7.297201418941804
0.928598129914665, 7.219831852550194
0.8449292775532843, 7.0970138627636805
0.693896402319523, 6.999090062803593
0.5821083757683372, 6.882335726397736
0.4344765757967143, 6.806712672789026
0.361933397928104, 6.671127799937399
0.2164633599407278, 6.566820558444755
0.10467533338954194, 6.450066222038898
0.024903420066091843, 6.434363357888321
0.008598590577091857, 6.286651178275381
-0.10771706499981379, 6.190451075438001
-0.1521410686786189, 6.048802549205718
-0.23427884904354204, 6.0249697307396834
-0.34289530100830024, 5.982781485686434
-0.3395300911845127, 5.877163190742396
-0.48500012917188884, 5.7728559492497515
-0.5448555662646198, 5.680870632529576
-0.6070342841898972, 5.586820370982957
-0.647882550858895, 5.527326164766184
-0.6763792573479821, 5.420828808306352
-0.6554263383909844, 5.34282385379571
-0.7356941154902267, 5.242306610360574
-0.7649757088819641, 5.163306202365669
-0.7945386178783679, 5.08525678599383
-0.8556821275829799, 5.0053773164831314
5.006816062840793, 9.970784571073654
4.855783187607033, 9.872860771113572
4.704750312373273, 9.77493697115349
4.553717437139513, 9.677013171193408
4.402684561905753, 9.579089371233326
4.251651686671993, 9.481165571273245
4.106181648684618, 9.376858329780605
3.9551487734508575, 9.278934529820523
3.804115898217095, 9.181010729860441
3.653083022983332, 9.08308692990036
3.5020501477495696, 8.985163129940277
3.351017272515807, 8.887239329980195
3.1999843972820443, 8.789315530020113
3.0489515220482817, 8.691391730060031
2.897918646814519, 8.59346793009995
2.780567783016947, 8.483097035226654
2.6632169192193746, 8.37272614035336
2.512184043985612, 8.274802340393277
2.3611511687518494, 8.176878540433195
2.2101182935180868, 8.078954740473113
2.059085418284324, 7.98103094051303
1.9417345544867526, 7.870660045639729
1.8243836906891817, 7.760289150766429
1.6733508154554204, 7.662365350806342
1.56712562615062, 7.539227572867928
1.4160927509168586, 7.44130377290784
1.2761855501758677, 7.33061308988264
1.1588346863782968, 7.220242195009339
1.041483822580726, 7.109871300136039
0.888289185362718, 7.040631688059886
0.8249155760369515, 6.9381989615672985
0.6738827008031902, 6.840275161607211
0.5676575114983896, 6.717137383668797
0.42775031075739867, 6.6064467006435965
0.2878431100164077, 6.495756017618396
0.17605508346522183, 6.3790016812125385
0.06426705691403595, 6.262247344806681
-0.05761143590925492, 6.172430683501858
-0.10759827683444526, 6.037165598802131
-0.21938630338563114, 5.920411262396274
-0.33013912171615156, 5.817827718026337
-0.47777092168777446, 5.742204664417628
-0.5267125529269935, 5.815913413328001
-0.6385005794781793, 5.699159076922144
-0.678427948417916, 5.579575049245298
-0.7870444003826742, 5.537386804192049
-0.8785371838982458, 5.441017731080118
-0.8885587424750343, 5.3682317943432185
-0.9329827461538395, 5.226583268110935
-0.9559166153965414, 5.113702470118546
-1.0361843924957836, 5.01318522668341
-1.134710378188437, 4.944059306529127
4.97523993155271, 9.983060725798149
4.82420705631895, 9.885136925838067
4.67317418108519, 9.787213125877985
4.52214130585143, 9.689289325917903
4.37110843061767, 9.591365525957821
4.22007555538391, 9.493441725997739
4.06904268015015, 9.395517926037657
3.9180098049163883, 9.297594126077575
3.7669769296826257, 9.199670326117493
3.615944054448863, 9.101746526157411
3.4649111792151004, 9.00382272619733
3.3138783039813378, 8.905898926237247
3.1965274401837656, 8.795528031363952
3.045494564950003, 8.69760423140387
2.8944616897162403, 8.599680431443788
2.7434288144824777, 8.501756631483707
2.592395939248715, 8.403832831523625
2.4413630640149524, 8.305909031563543
2.2903301887811898, 8.20798523160346
2.139297313547427, 8.110061431643379
1.9882644383136647, 8.012137631683297
1.8427944003262886, 7.907830390190653
1.6973243623389125, 7.803523148698009
1.5799734985413416, 7.693152253824708
1.5018674834263464, 7.563950822505638
1.3900794568751607, 7.447196486099781
1.2446094188877845, 7.342889244607137
1.0991393809004084, 7.238582003114493
0.9817885171028375, 7.128211108241192
0.8363184791154614, 7.023903866748548
0.6852856038817001, 6.925980066788461
0.5734975773305143, 6.809225730382604
0.4280275393431382, 6.70491848888996
0.3247838776119696, 6.643024920218117
0.20743301381439855, 6.532654025344817
0.05423837659639035, 6.463414413268664
-0.06527424918542746, 6.381727706279298
-0.1815899047623331, 6.285527603441918
-0.2519967162651812, 6.210338029906978
-0.2964207199439864, 6.068689503674695
-0.4418907579313625, 5.964382262182051
-0.49630999793927305, 5.9526897168343735
-0.5358701919963899, 5.881089663408124
-0.5772417650636321, 5.833040782586887
-0.724873565035255, 5.757417728978178
-0.8791947560168445, 5.7310330968218794
-0.8565011737412005, 5.682866718001669
-0.8586988011637982, 5.5836318645901875
-0.8935432318019207, 5.511014898127839
-0.9374713717049337, 5.454180751180115
-1.0014701847535268, 5.373456646062502
-1.1358145482481325, 5.256382521504745
-1.2802493780148434, 5.166246072048021
-1.4150027374162895, 5.134877886381793
-1.4952705145155314, 5.034360642946657
-1.630214573711275, 5.002337145469399
-1.6823631766207117, 4.895756248653607
-1.7793504597457608, 4.857008061940055
-1.8956661153226664, 4.760807959102675
-1.9909705209843103, 4.747423379190069
-2.0961605020684457, 4.6384563932875755
-2.1631662383091554, 4.585567566104014
-2.2749542648603422, 4.468813229698156
4.97523993155271, 9.983060725798149
4.82420705631895, 9.885136925838067
4.67317418108519, 9.787213125877985
4.52214130585143, 9.689289325917903
4.37110843061767, 9.591365525957821
4.22007555538391, 9.493441725997739
4.06904268015015, 9.395517926037657
3.9180098049163883, 9.297594126077575
3.7669769296826257, 9.199670326117493
3.615944054448863, 9.101746526157411
3.4649111792151004, 9.00382272619733
3.3138783039813378, 8.905898926237247
3.162845428747575, 8.807975126277166
3.0229382280065833, 8.697284443251968
2.8830310272655915, 8.586593760226771
2.731998152031829, 8.488669960266689
2.580965276798066, 8.390746160306607
2.5006974996988234, 8.290228916871474
2.3496646244650607, 8.192305116911392
2.2041945864776835, 8.087997875418752
2.053161711243921, 7.990074075458669
1.9076916732565445, 7.885766833966025
1.7622216352691684, 7.781459592473381
1.6111887600354071, 7.683535792513294
1.4601558848016458, 7.585611992553207
1.3091230095678845, 7.48768819259312
1.1917721457703137, 7.377317297719819
1.0518649450293227, 7.266626614694618
0.9063949070419466, 7.162319373201974
0.8282888919269511, 7.033117941882904
0.7036259987976101, 6.974812081115642
0.6077652694361424, 6.893208914482236
0.510084444951359, 6.824931904277837
0.3961346564159264, 6.736861755755914
0.25066461842855026, 6.63255451426327
0.11075741768755921, 6.521863831238069
-0.02914978305343178, 6.411173148212868
-0.13537497235823243, 6.2880353702744545
-0.2830067723298554, 6.212412316665745
-0.4385672765893365, 6.135042750274135
-0.4951831572682287, 6.034609047194959
-0.5315037949115067, 5.954560607409709
-0.5984841355337318, 5.812592293025525
-0.6821529878951125, 5.689774303239012
-0.6865123773019569, 5.619223637711464
-0.7449483531041649, 5.532116091061295
-0.8681670421060003, 5.402275083438424
-0.9132900734095022, 5.337058471544731
-0.9334020982583957, 5.291210209908866
-0.9862752368142185, 5.19771922172614
-1.0475784296986541, 5.123628079305393
-1.1104401372019994, 5.046811470244262
-1.1902953444023796, 4.963291631498674
-1.2217361343773405, 4.894093402666355
5.006816062840793, 9.970784571073654
4.855783187607033, 9.872860771113572
4.704750312373273, 9.77493697115349
4.553717437139513, 9.677013171193408
4.402684561905753, 9.579089371233326
4.251651686671993, 9.481165571273245
4.100618811438233, 9.383241771313163
3.9495859362044716, 9.28531797135308
3.798553060970709, 9.187394171392999
3.6530830229833318, 9.08308692990036
3.502050147749569, 8.985163129940277
3.384699283951997, 8.874792235066982
3.2336664087182343, 8.7768684351069
3.0826335334844717, 8.678944635146818
2.931600658250709, 8.581020835186736
2.7805677830169464, 8.483097035226654
2.663216919219374, 8.37272614035336
2.517746881231997, 8.26841889886072
2.3722768432446197, 8.16411165736808
2.221243968010857, 8.066187857407998
2.1094559414596703, 7.949433521002143
1.9639859034722933, 7.845126279509499
1.8521978769211076, 7.7283719431036415
1.745972687616307, 7.6052341651652275
5.029699774898013, 9.995766399758203
4.878666899664253, 9.897842599798121
4.727634024430493, 9.79991879983804
4.576601149196733, 9.701994999877957
4.425568273962973, 9.604071199917875
4.274535398729213, 9.506147399957793
4.123502523495453, 9.408223599997712
3.9724696482616926, 9.31029980003763
3.8269996102743153, 9.20599255854499
3.709648746476743, 9.095621663671695
3.6034235571719417, 8.972483885733284
3.452390681938179, 8.874560085773203
3.3406026553869923, 8.75780574936735
3.1895697801532297, 8.659881949407268
3.077781753602043, 8.543127613001415
2.9323117156146656, 8.438820371508776
2.820523689063479, 8.322066035102923
2.6750536510761016, 8.217758793610283
2.524020775842339, 8.119834993650201
2.3729879006085763, 8.02191119369012
2.2219550253748137, 7.923987393730033
2.082047824633822, 7.813296710704832
5.022121811466238, 9.979736104583466
4.871088936232478, 9.881812304623384
4.720056060998718, 9.783888504663302
4.574586023011343, 9.679581263170663
4.423553147777583, 9.58165746321058
4.272520272543823, 9.483733663250499
4.127050234556449, 9.37942642175786
3.976017359322688, 9.281502621797777
3.8249844840889256, 9.183578821837695
3.673951608855163, 9.085655021877614
3.5229187336214003, 8.987731221917532
3.3718858583876377, 8.88980742195745
3.220852983153875, 8.791883621997368
3.075382945166498, 8.687576380504728
2.9580320813689256, 8.577205485631433
2.806999206135163, 8.479281685671351
2.6896483423375908, 8.368910790798056
2.538615467103828, 8.270986990837974
2.393145429116451, 8.166679749345334
2.2421125538826883, 8.068755949385253
2.0910796786489256, 7.970832149425169
1.9737288148513539, 7.860461254551868
1.8226959396175926, 7.762537454591781
1.6716630643838313, 7.664613654631694
1.5373187008892255, 7.547539530073936
1.3918486629018494, 7.443232288581292
1.2463786249144733, 7.338925047088648
1.1009085869270971, 7.234617805596004
0.9835577231295263, 7.124246910722704
0.8662068593319553, 7.013876015849403
0.715173984098194, 6.915952215889316
0.672886346785151, 6.83469898897372
0.5892174944237704, 6.711880999187207
0.4508723599658883, 6.657556755358571
0.36720350760450765, 6.534738765572057
0.2161706323707463, 6.43681496561197
0.1662790213885555, 6.4045681866958155
0.0752981396954048, 6.333815231015341
0.00976276838539155, 6.260066692406688
-0.08791805609939195, 6.191789682202288
-0.13790489702458228, 6.056524597502562
-0.2344486159641182, 5.9921550833546435
-0.3765175786893559, 5.910148588213377
-0.39731508156629564, 5.857663089537676
-0.46942274691537844, 5.821299635802468
-0.5394857472511114, 5.7681053307622925
-0.5726697659457419, 5.68795053496089
-0.616985422498858, 5.677200781767167
-0.6636705200854689, 5.555617730676909
-0.6941744475001476, 5.56449456241613
-0.7581732605487407, 5.483770457298518
-0.8772733164316965, 5.4190811549986995
-0.9161344828641165, 5.271049187233859
-0.9705441796813593, 5.184533765560093
-1.0149681833601643, 5.042885239327809
-1.0211929636276988, 5.022956772568543
-1.1133109508660972, 4.948296320831587
5.029699774898013, 9.995766399758203
4.878666899664253, 9.897842599798121
4.727634024430493, 9.79991879983804
4.576601149196733, 9.701994999877957
4.425568273962973, 9.604071199917875
4.280098235975599, 9.499763958425236
4.134628197988224, 9.395456716932596
3.983595322754464, 9.297532916972514
3.832562447520701, 9.199609117012432
3.6815295722869386, 9.10168531705235
3.530496697053176, 9.003761517092268
3.3794638218194133, 8.905837717132187
3.262112958021841, 8.795466822258891
3.116642920034464, 8.691159580766252
2.9656100448007012, 8.59323578080617
2.820140006813324, 8.48892853931353
2.702789143015752, 8.378557644440235
2.551756267781989, 8.280633844480153
2.434405403984417, 8.170262949606858
2.323652585653896, 8.067679405236925
2.1726197104201335, 7.969755605276841
2.0271496724327562, 7.865448363784197
1.8872424716917653, 7.754757680758996
1.7754544451405796, 7.638003344353139
1.669229255835779, 7.514865566414725
1.523759217848403, 7.410558324922081
5.022121811466238, 9.979736104583466
4.871088936232478, 9.881812304623384
4.720056060998718, 9.783888504663302
4.569023185764958, 9.68596470470322
4.457235159213774, 9.569210368297368
4.311765121226399, 9.464903126804728
4.160732245992639, 9.366979326844646
4.009699370758879, 9.269055526884564
3.8586664955251164, 9.171131726924482
3.707633620291354, 9.0732079269644
3.556600745057591, 8.975284127004318
3.4055678698238285, 8.877360327044236
3.254534994590066, 8.779436527084155
3.1035021193563033, 8.681512727124073
2.9524692441225406, 8.58358892716399
2.8351183803249684, 8.473218032290696
2.689648342337591, 8.368910790798056
2.5497411415965994, 8.258220107772859
2.4379531150454126, 8.141465771367006
2.28692023981165, 8.043541971406924
2.2303043591327567, 7.943108268327749
2.0848343211453795, 7.838801026835105
1.967483457347808, 7.7284301319618045
5.022121811466238, 9.979736104583466
4.871088936232478, 9.881812304623384
4.720056060998718, 9.783888504663302
4.569023185764958, 9.68596470470322
4.417990310531198, 9.588040904743139
4.278083109790209, 9.477350221717941
4.127050234556449, 9.37942642175786
3.976017359322688, 9.281502621797777
3.8249844840889256, 9.183578821837695
3.6795144461015483, 9.079271580345056
3.562163582303976, 8.96890068547176
3.4111307070702135, 8.870976885511679
3.2937798432726413, 8.760605990638384
3.140585206054632, 8.691366378562234
3.02323434225706, 8.58099548368894
2.8777643042696828, 8.4766882421963
2.7681126440842583, 8.420329205107135
2.6282054433432664, 8.309638522081938
2.477172568109504, 8.211714722121856
2.3709473788047024, 8.088576944183446
2.225477340817325, 7.984269702690805
2.0744444655835625, 7.886345902730718
1.9626564390323762, 7.769591566324861
1.8508684124811905, 7.652837229919004
1.7109612117401996, 7.542146546893803
1.5654911737528234, 7.437839305401159
1.4481403099552526, 7.3274684105278585
1.341915120650452, 7.2043306325894445
1.1908822454166907, 7.106406832629357
1.0488132826914531, 7.024400337488091
0.98481446964286, 6.943676232370478
0.9011456172814793, 6.820858242583965
0.7723640910332588, 6.6974006764936505
0.6340189565753768, 6.643076432665015
0.5559129414603813, 6.513875001345944
0.41600574071939034, 6.4031843183207435
0.33839558938018705, 6.358797266286232
0.26028957426519156, 6.229595834967162
0.254318210432873, 6.166036998783144
0.21701911028356188, 6.074371470214869
0.07154907229618565, 5.970064228722225
-0.06176008297775472, 5.867160896200388
-0.15685959778978492, 5.73125623519686
-0.20263965590788222, 5.684728033885662
-0.22525725390813756, 5.645568691638967
-0.30511246110851786, 5.562048852893379
-0.3217291439418373, 5.5968454795091995
-0.3531699339167983, 5.527647250676881
-0.4302407408111284, 5.412616611393731
-0.5651848000068721, 5.380593113916473
-0.5821686577228115, 5.3674057662816965
-0.597403323353366, 5.308536826073438
-0.7130793613535178, 5.3483722845518695
-0.7328416560097921, 5.310057577912088
-0.8041524983901552, 5.281398506900515
-0.8766956762587655, 5.145813634048888
-0.9341816723180018, 5.1646616152252465
-0.8958846946662327, 5.146532388311541
-0.9607286689226956, 5.0649593732440445
-0.9555433639755924, 4.946014921870999
5.006816062840793, 9.970784571073654
4.855783187607033, 9.872860771113572
4.704750312373273, 9.77493697115349
4.553717437139513, 9.677013171193408
4.402684561905753, 9.579089371233326
4.251651686671993, 9.481165571273245
4.100618811438233, 9.383241771313163
3.9495859362044716, 9.28531797135308
3.798553060970709, 9.187394171392999
3.681202197173137, 9.077023276519704
3.530169321939374, 8.979099476559622
3.384699283951997, 8.874792235066982
3.27291125740081, 8.75803789866113
3.127441219413433, 8.65373065716849
2.9764083441796703, 8.555806857208408
2.859057480382098, 8.445435962335113
2.7472694538309113, 8.32868162592926
2.601799415843534, 8.22437438443662
2.484448552045962, 8.114003489563325
2.3782233627411604, 7.990865711624914
5.006816062840793, 9.970784571073654
4.855783187607033, 9.872860771113572
4.710313149619658, 9.768553529620933
4.559280274385898, 9.67062972966085
4.413810236398524, 9.566322488168211
4.268340198411149, 9.462015246675572
4.1509893346135796, 9.351644351802276
3.999956459379819, 9.253720551842195
3.882605595582247, 9.1433496569689
3.7315727203484843, 9.045425857008818
3.5916655196074925, 8.93473517398362
3.4743146558099203, 8.824364279110325
3.3232817805761576, 8.726440479150243
3.211493754024971, 8.60968614274439
3.071586553283979, 8.498995459719193
2.9261165152966018, 8.394688218226554
2.775083640062839, 8.296764418266472
2.6240507648290765, 8.19884061830639
2.5122627382778897, 8.082086281900537
2.361229863044127, 7.984162481940454
2.21575982505675, 7.87985524044781
4.97523993155271, 9.983060725798149
4.82420705631895, 9.885136925838067
4.67317418108519, 9.787213125877985
4.55582331728762, 9.67684223100469
4.40479044205386, 9.578918431044608
4.2537575668201, 9.480994631084526
4.1027246915863405, 9.383070831124444
3.957254653598965, 9.278763589631804
3.845466627047778, 9.162009253225952
3.7055594263067864, 9.051318570200754
3.560089388319409, 8.947011328708115
3.4201821875784173, 8.836320645682918
3.27471214959104, 8.732013404190278
3.1629241230398533, 8.615259067784425
3.0511360964886665, 8.498504731378572
2.900103221254904, 8.40058093141849
2.749070346021141, 8.302657131458409
2.6654014936597594, 8.1798391416719
2.598421153037534, 8.037870827287719
5.006816062840793, 9.970784571073654
4.855783187607033, 9.872860771113572
4.710313149619658, 9.768553529620933
4.559280274385898, 9.67062972966085
4.408247399152138, 9.572705929700769
4.257214523918378, 9.474782129740687
4.106181648684618, 9.376858329780605
3.9888307848870483, 9.26648743490731
3.8377979096532857, 9.168563634947228
3.6923278716659085, 9.064256393454588
3.5468578336785312, 8.959949151961949
3.4350698071273444, 8.843194815556096
3.289599769139967, 8.738887574063456
3.1778117425887804, 8.622133237657604
3.060460878791208, 8.511762342784309
2.914990840803831, 8.407455101291669
2.7695208028164537, 8.30314785979903
2.629613602075462, 8.192457176773832
2.4952692385808555, 8.075383052216077
2.3779183747832833, 7.9650121573427795
4.9891292673656995, 9.972038827420983
4.8380963921319395, 9.8741150274609
4.68706351689818, 9.776191227500819
4.53603064166442, 9.678267427540737
4.38499776643066, 9.580343627580655
4.2339648911969, 9.482419827620573
4.08293201596314, 9.384496027660491
3.937461977975764, 9.280188786167852
3.786429102742001, 9.18226498620777
3.669078238944429, 9.071894091334475
3.5180453637106663, 8.973970291374393
3.400694499913094, 8.863599396501098
3.2496616246793315, 8.765675596541016
3.1323107608817593, 8.65530470166772
2.9812778856479967, 8.557380901707639
2.830245010414234, 8.459457101747557
2.721858059125186, 8.365003511693079
2.6100700325739994, 8.248249175287226
2.492719168776427, 8.137878280413931
2.375368304978855, 8.027507385540636
2.263580278427668, 7.9107530491347795
4.9891292673656995, 9.972038827420983
4.8380963921319395, 9.8741150274609
4.72074552833437, 9.763744132587606
4.56971265310061, 9.665820332627524
4.41867977786685, 9.567896532667442
4.3013289140692805, 9.457525637794147
4.155858876081906, 9.353218396301507
4.038508012284336, 9.242847501428212
3.8874751370505742, 9.14492370146813
3.7364422618168116, 9.046999901508048
3.6190913980192394, 8.936629006634753
3.473621360031862, 8.832321765142114
3.3899525076704804, 8.709503775355605
3.244482469683103, 8.605196533862966
3.1326944431319164, 8.488442197457113
3.05458842801692, 8.359240766138047
2.9091183900295428, 8.254933524645407
2.797330363478356, 8.138179188239555
4.9891292673656995, 9.972038827420983
4.8380963921319395, 9.8741150274609
4.68706351689818, 9.776191227500819
4.56971265310061, 9.665820332627524
4.4242426151132355, 9.561513091134884
4.2732097398794755, 9.463589291174802
4.1221768646457155, 9.36566549121472
3.9711439894119547, 9.267741691254638
3.8537931256143825, 9.157370796381343
3.70276025038062, 9.059446996421261
3.551727375146857, 8.96152319646118
3.4006944999130946, 8.863599396501098
3.249661624679332, 8.765675596541016
3.0986287494455693, 8.667751796580934
2.953158711458192, 8.563444555088294
2.807688673470815, 8.459137313595654
2.695900646919628, 8.342382977189802
2.5841126203684412, 8.225628640783949
2.4330797451346786, 8.127704840823867
2.293172544393687, 8.01701415779867
2.142139669159924, 7.919090357838583
2.0303516426087374, 7.802336021432726
4.97523993155271, 9.983060725798149
4.829769893565335, 9.87875348430551
4.678737018331575, 9.780829684345427
4.527704143097815, 9.682905884385345
4.376671267864055, 9.584982084425263
4.225638392630295, 9.487058284465181
4.074605517396535, 9.3891344845051
3.929135479409159, 9.28482724301246
3.7781026041753965, 9.186903443052378
3.627069728941634, 9.088979643092296
3.476036853707871, 8.991055843132214
3.3361296529668794, 8.880365160107017
3.218778789169307, 8.769994265233722
3.0788715884283153, 8.659303582208524
2.9288739214152186, 8.575550574284362
2.845205069053837, 8.452732584497854
