5.029699774898013, 9.995766399758203
4.878666899664253, 9.897842599798121
4.727634024430493, 9.79991879983804
4.576601149196733, 9.701994999877957
4.425568273962973, 9.604071199917875
4.274535398729213, 9.506147399957793
4.123502523495453, 9.408223599997712
3.9724696482616926, 9.31029980003763
3.82143677302793, 9.212376000077548
3.665876268768448, 9.135006433685943
3.5148433935346852, 9.037082633725861
3.397492529737113, 8.926711738852566
3.2464596545033504, 8.828787938892484
3.0954267792695878, 8.730864138932402
2.944393904035825, 8.63294033897232
2.798923866048448, 8.52863309747968
2.6534538280610707, 8.42432585598704
2.502420952827308, 8.326402056026959
2.3513880775935454, 8.228478256066877
2.2003552023597828, 8.130554456106795
2.04932232712602, 8.032630656146713
1.9375343005748338, 7.915876319740857
1.7865014253410725, 7.8179525197807695
1.6747133987898868, 7.701198183374912
1.5348061980488958, 7.590507500349712
1.4341438459904805, 7.460986280878741
1.336463021505697, 7.392709270674342
1.1854301462719357, 7.294785470714254
1.07364211972075, 7.178031134308397
0.933734918979759, 7.067340451283196
0.8837480780545687, 6.93207536658347
0.7327152028208074, 6.834151566623382
0.5928080020798164, 6.7234608835981815
0.47545713828224545, 6.613089988724881
0.35914148270533985, 6.516889885887501
0.24735345615415402, 6.400135549481644
0.09632058092039256, 6.302211749521557
0.012651728559011852, 6.179393759735043
-0.08440389220294504, 6.089408128155669
-0.13545693563545208, 5.982590983543936
-0.22087498008221756, 5.9054545863309045
-0.35521934357682333, 5.788380461773147
-0.4951265443178143, 5.677689778747946
-0.497765170524902, 5.585194244049483
-0.6061521218139494, 5.490740653995004
-0.7460593225549403, 5.380049970969803
-0.8201486018756384, 5.326263540953224
-0.959020594395964, 5.229743649963944
-1.0315637722645743, 5.094158777112317
-1.0881796529434664, 4.993725074033141
-1.1327283841643152, 4.932537322259571
-1.1826199951465062, 4.9002905433434165
5.022121811466238, 9.979736104583466
4.871088936232478, 9.881812304623384
4.720056060998718, 9.783888504663302
4.569023185764958, 9.68596470470322
4.417990310531198, 9.588040904743139
4.266957435297438, 9.490117104783057
4.115924560063678, 9.392193304822975
3.964891684829917, 9.294269504862893
3.8138588095961543, 9.19634570490281
3.6628259343623917, 9.098421904942729
3.511793059128629, 9.000498104982647
3.3607601838948664, 8.902574305022565
3.215290145907489, 8.798267063529925
3.0642572706737266, 8.700343263569843
2.913224395439964, 8.602419463609762
2.7621915202062013, 8.50449566364968
2.6111586449724387, 8.406571863689598
2.460125769738676, 8.308648063729516
2.320218568997684, 8.197957380704318
2.1691856937639216, 8.100033580744237
2.0518348299663494, 7.9896626858709405
1.9063647919789728, 7.8853554443782965
1.789013928181402, 7.774984549504996
1.6379810529476406, 7.677060749544909
1.4869481777138793, 7.5791369495848215
1.4032793253524989, 7.456318959798308
1.2970541360476984, 7.333181181859894
1.213385283686318, 7.21036319207338
1.0679152456989418, 7.106055950580736
0.9224452077115657, 7.001748709088092
0.8106571811603799, 6.884994372682235
0.6707499804193889, 6.774303689657034
0.6207631394941986, 6.639038604957308
0.4697302642604373, 6.54111480499722
0.3197325972473414, 6.4573617970730535
0.20794457069615557, 6.340607460667196
0.1354013928275453, 6.205022587815569
0.021451604292112687, 6.116952439293646
-0.09589925950545838, 6.006581544420346
-0.18619715162054107, 5.918594936254383
-0.26430316673553655, 5.789393504935313
-0.36588641652321313, 5.719962106924416
-0.4517170308688406, 5.6258283050218365
-0.5558058538078791, 5.56308582640011
-0.5722608064574072, 5.584913908446506
-0.6384213814902471, 5.532873991212828
-0.6681129793798232, 5.417994169807027
-0.7357923476267451, 5.352457769761434
-0.7379899750493427, 5.253222916349952
-0.7131346307894519, 5.176372349645808
-0.7434514324018547, 5.0832011496149825
-0.8425517181771612, 5.010046369340577
-0.9110072572135433, 4.982231933935917
5.022121811466238, 9.979736104583466
4.871088936232478, 9.881812304623384
4.720056060998718, 9.783888504663302
4.569023185764958, 9.68596470470322
4.417990310531198, 9.588040904743139
4.266957435297438, 9.490117104783057
4.115924560063678, 9.392193304822975
3.964891684829917, 9.294269504862893
3.8138588095961543, 9.19634570490281
3.6628259343623917, 9.098421904942729
3.511793059128629, 9.000498104982647
3.3607601838948664, 8.902574305022565
3.209727308661104, 8.804650505062483
3.058694433427341, 8.706726705102401
2.9076615581935785, 8.60880290514232
2.756628682959816, 8.510879105182237
2.672959830598434, 8.388061115395729
2.5330526298574423, 8.277370432370532
2.3820197546236797, 8.17944663241045
2.230986879389917, 8.081522832450368
2.0799540041561544, 7.983599032490284
1.9626031403585826, 7.873228137616984
1.8452522765610118, 7.762857242743683
1.749391547199544, 7.681254076110277
1.6320406834019732, 7.570883181236977
1.4810078081682119, 7.4729593812768895
1.3254473039087307, 7.3955898148852794
1.2080964401111598, 7.285218920011979
1.1034333170894681, 7.21844758127013
0.9524004418557068, 7.120523781310043
0.8069304038683307, 7.016216539817399
0.6614603658809546, 6.911909298324755
0.5441095020833836, 6.801538403451454
0.44705388132142687, 6.71155277187208
0.3297030175238559, 6.60118187699878
0.23168052617814136, 6.548262898249308
0.14801167381676064, 6.4254449084627945
0.002541635829384409, 6.3211376669701504
-0.04744520509580594, 6.185872582270424
-0.1895141678210437, 6.103866087129157
-0.2731830201824244, 5.981048097342644
-0.35791807505112183, 5.886678047644124
-0.503388113038498, 5.78237080615148
-0.6151761395896838, 5.665616469745623
-0.7479584368011806, 5.60490878438443
-0.8771489589562413, 5.567157157185646
-0.9000453841111851, 5.552819696087342
-0.9991456698864916, 5.479664915812936
-1.1293714002622177, 5.427742496578231
-1.116707933002414, 5.392106753027194
-1.1948139481174094, 5.262905321708124
-1.2588127611660023, 5.182181216590512
-1.2249475315430913, 5.1442711233353595
-1.2766835645536663, 5.054687631209115
-1.3455516734889101, 5.009875791114907
-1.4066951831935222, 4.929996321604208
-1.5039469226320623, 4.868841032523126
-1.5911081957984974, 4.78074806834101
5.029699774898013, 9.995766399758203
4.884229736910639, 9.891459158265564
4.733196861676879, 9.793535358305482
4.587726823689504, 9.689228116812842
4.436693948455744, 9.59130431685276
4.285661073221984, 9.493380516892678
4.134628197988224, 9.395456716932596
3.983595322754464, 9.297532916972514
3.832562447520701, 9.199609117012432
3.6815295722869386, 9.10168531705235
3.530496697053176, 9.003761517092268
3.3794638218194133, 8.905837717132187
3.2284309465856507, 8.807913917172105
3.1110800827880785, 8.69754302229881
2.960047207554316, 8.599619222338728
2.809014332320553, 8.501695422378646
2.6972263057693664, 8.384941085972793
2.5461934305356038, 8.287017286012711
2.4288425667380316, 8.176646391139416
2.2833725287506543, 8.072339149646776
2.1323396535168917, 7.9744153496866925
1.9924324527759, 7.863724666661492
1.846962414788524, 7.759417425168848
1.7847836968632467, 7.6653671636222285
1.6337508216294854, 7.567443363662141
1.4882807836421093, 7.463136122169497
1.337247908408348, 7.36521232220941
1.2535790560469675, 7.242394332422896
1.1025461808132062, 7.144470532462809
0.9570761428258301, 7.040163290970165
0.8452881162746443, 6.923408954564308
0.6998180782872682, 6.819101713071664
0.6006006955410647, 6.757800269376224
0.4606934948000737, 6.647109586351023
0.3319119685518531, 6.523652020260709
0.24598202228266666, 6.420899505616221
0.1938334193732296, 6.314318608800429
0.07195492654993871, 6.224501947495606
0.05756542212725392, 6.166481917237231
-0.03897829681228198, 6.102112403089313
-0.17888549755327302, 5.991421720064112
-0.1918885837036935, 5.8573915740606415
-0.2429416271362006, 5.750574429448909
-0.3850105898614383, 5.668567934307642
-0.402981317558893, 5.634354321863196
-0.5302007775240047, 5.567263194969446
-0.6645451410186105, 5.450189070411689
-0.6853426438955502, 5.397703571735987
-0.7756405360106328, 5.3097169635700245
-0.9099848995052385, 5.192642839012267
-0.8355202466194394, 5.138496347167361
-0.8887350520361932, 5.060363390439562
-0.8778916798997052, 5.038053803317532
-0.9390351896043172, 4.958174333806833
4.97523993155271, 9.983060725798149
4.82420705631895, 9.885136925838067
4.67317418108519, 9.787213125877985
4.52214130585143, 9.689289325917903
4.376671267864055, 9.584982084425263
4.225638392630295, 9.487058284465181
4.074605517396535, 9.3891344845051
3.934698316655545, 9.278443801479902
3.7836654414217823, 9.18052000151982
3.6326325661880197, 9.082596201559738
3.5152817023904475, 8.972225306686443
3.3979308385928753, 8.861854411813148
3.2468979633591126, 8.763930611853066
3.09586508812535, 8.666006811892984
2.978514224327778, 8.55563591701969
2.8611633605302056, 8.445265022146394
2.710130485296443, 8.347341222186312
2.5646604473090657, 8.243033980693673
2.4344347169333385, 8.191111561458973
2.283401841699576, 8.093187761498891
2.132368966465813, 7.995263961538808
1.9813360912320508, 7.897340161578721
1.86398522743448, 7.7869692667054204
1.746634363636909, 7.67659837183212
1.606727162895918, 7.565907688806919
1.4556942876621568, 7.467983888846832
1.3157870869211659, 7.357293205821631
1.198436223123595, 7.246922310948331
1.0474033478898337, 7.1489985109882435
0.9019333099024576, 7.044691269495599
0.7564632719150814, 6.940384028002955
0.6391124081175105, 6.830013133129655
0.5217615443199395, 6.7196422382563545
0.43130396902503326, 6.637443957180344
0.3531979539100378, 6.508242525861274
0.24140992735885194, 6.3914881894554165
0.14631041254682176, 6.255583528451889
0.011966049052215953, 6.1385094038941315
-0.10651136850893643, 6.070993488940686
-0.21829939506012233, 5.954239152534829
-0.3637694330474985, 5.849931911042185
-0.5082042628142093, 5.759795461585461
-0.5809345664850954, 5.726258620503881
-0.6513413779879436, 5.651069046968941
-0.7146466496768024, 5.599873765342177
-0.7691611196277125, 5.485162914210927
-0.8164714209371501, 5.385288484495645
-0.8204182404451326, 5.3317352236576445
-0.9125362276835308, 5.2570747719206885
-1.0490423531623834, 5.168684835246865
-1.1189882565272193, 5.103637193627724
-1.130429276394531, 5.025973486820818
-1.0858483767766884, 4.939417097089657
-1.130783273686916, 4.8937378057283425
5.022121811466238, 9.979736104583466
4.871088936232478, 9.881812304623384
4.720056060998718, 9.783888504663302
4.569023185764958, 9.68596470470322
4.417990310531198, 9.588040904743139
4.266957435297438, 9.490117104783057
4.115924560063678, 9.392193304822975
3.964891684829917, 9.294269504862893
3.8138588095961543, 9.19634570490281
3.696507945798582, 9.085974810029516
3.5454750705648195, 8.988051010069434
3.394442195331057, 8.890127210109352
3.243409320097294, 8.79220341014927
3.097939282109917, 8.68789616865663
2.9469064068761543, 8.589972368696548
2.801436368888777, 8.485665127203909
2.6896483423375903, 8.368910790798056
2.5386154671038277, 8.270986990837974
2.3931454291164505, 8.166679749345334
2.2757945653188782, 8.05630885447204
2.1247616900851156, 7.958385054511955
2.041092837723734, 7.835567064725441
1.9370040147846952, 7.772824586103715
1.8196531509871243, 7.662453691230414
1.668620275753363, 7.564529891270327
1.5175874005196017, 7.46660609131024
1.405799373968416, 7.349851754904383
1.2547664987346547, 7.251927954944295
1.142978472183469, 7.135173618538438
1.0256276083858982, 7.024802723665138
0.8857204076449072, 6.914112040639937
0.8020515552835266, 6.791294050853423
0.7029512695082201, 6.718139270579018
0.6192824171468394, 6.595321280792504
0.5241829023348091, 6.459416619788977
0.4179577130300085, 6.336278841850563
0.27805051228901756, 6.225588158825362
0.1572072276863921, 6.149942289556459
0.007209560673296065, 6.066189281632292
-0.07645929168808463, 5.943371291845779
-0.17712164374650008, 5.813850072374808
-0.2990001365697909, 5.724033411069985
-0.3142348022003454, 5.665164470861726
-0.40777225072926676, 5.585626249054764
-0.4902017898127558, 5.513793193503562
-0.5324894271257987, 5.432539966587966
-0.5486990266717992, 5.387846092758599
-0.6196801382573005, 5.308627659103537
-0.7651501762446766, 5.204320417610893
-0.8846628020264944, 5.1226337106215265
-0.9121243002949161, 5.0303071461976145
-1.0438713892857476, 4.983770252872342
5.022121811466238, 9.979736104583466
4.871088936232478, 9.881812304623384
4.720056060998718, 9.783888504663302
4.569023185764958, 9.68596470470322
4.417990310531198, 9.588040904743139
4.266957435297438, 9.490117104783057
4.115924560063678, 9.392193304822975
3.964891684829917, 9.294269504862893
3.8138588095961543, 9.19634570490281
3.6628259343623917, 9.098421904942729
3.511793059128629, 9.000498104982647
3.3607601838948664, 8.902574305022565
3.209727308661104, 8.804650505062483
3.058694433427341, 8.706726705102401
2.941343569629769, 8.596355810229106
2.7903106943960063, 8.498432010269024
2.6392778191622437, 8.400508210308942
2.488244943928481, 8.30258441034886
2.370894080130909, 8.192213515475565
2.2198612048971462, 8.094289715515483
2.0688283296633836, 7.9963659155554
1.9177954544296218, 7.898442115595313
1.7667625791958605, 7.800518315635226
1.6157297039620993, 7.7025945156751385
1.4983788401645284, 7.592223620801838
1.347345964930767, 7.494299820841751
1.201875926943391, 7.389992579349107
1.0508430517096297, 7.2920687793890195
0.9053730137222535, 7.1877615378963755
0.7599029757348774, 7.0834542964037315
0.6088701005011161, 6.985530496443644
0.4970820739499303, 6.868776160037787
0.3852940473987445, 6.75202182363193
0.30162519503736385, 6.629203833845416
0.1842743312397928, 6.518832938972116
0.09397643912471013, 6.430846330806153
-0.01441051216433726, 6.336392740751673
-0.16440817917743325, 6.2526397328275065
-0.27619620572861914, 6.135885396421649
-0.35216585447785237, 6.067079264419267
-0.5122539877630533, 6.010263931596134
-0.639473447728165, 5.943172804702384
-0.717604858461645, 5.903050860583936
-0.8259918097506924, 5.808597270529456
-0.8881705276759698, 5.714547008982837
-0.9304581649890128, 5.633293782067241
-1.075928202976389, 5.528986540574597
-1.1472390453567523, 5.5003274695630235
-1.1473890865554806, 5.499631678702657
-1.165826321059114, 5.408815379265705
-1.2750170731065256, 5.362598274092333
-1.4093614366011313, 5.2455241495345755
-1.5267123003987022, 5.135153254661275
-1.661056663893308, 5.0180791301035175
-1.7277630108443052, 4.944583102125375
-1.8040140521492498, 4.919480859992731
-1.90385663861828, 4.879888037672266
-2.0233692644000976, 4.7982013306829
-2.102799510862617, 4.767140435077396
-2.2066552591339237, 4.754835955035516
-2.32297091471083, 4.658635852198136
-2.423633266769246, 4.529114632727166
-2.462798655974839, 4.494984033311338
-2.5323603062698186, 4.420643369726283
-2.6015024088762906, 4.307359243226033
-2.6864954925851956, 4.282681789153085
5.022121811466238, 9.979736104583466
4.871088936232478, 9.881812304623384
4.720056060998718, 9.783888504663302
4.569023185764958, 9.68596470470322
4.417990310531198, 9.588040904743139
4.266957435297438, 9.490117104783057
4.115924560063678, 9.392193304822975
3.998573696266108, 9.28182240994968
3.847540821032345, 9.183898609989598
3.6965079457985826, 9.085974810029516
3.54547507056482, 8.988051010069434
3.3944421953310573, 8.890127210109352
3.2434093200972947, 8.79220341014927
3.092376444863532, 8.694279610189188
2.946906406876155, 8.589972368696548
2.8014363688887776, 8.485665127203909
2.650403493655015, 8.387741327243827
2.4993706184212523, 8.289817527283745
2.3483377431874897, 8.191893727323663
2.2309868793899175, 8.081522832450368
2.0855168414025402, 7.977215590957727
1.9344839661687783, 7.87929179099764
1.7890139281814021, 7.774984549504996
1.6379810529476408, 7.677060749544909
1.4925110149602647, 7.572753508052265
1.380722988409079, 7.455999171646408
1.2296901131753177, 7.35807537168632
1.1460212608139373, 7.235257381899807
0.994988385580176, 7.1373335819397195
0.9113195332187953, 7.014515592153206
0.760286657985034, 6.916591792193119
0.642935794187463, 6.806220897319818
0.5127100638117369, 6.754298478085113
0.40648487450693627, 6.631160700146699
0.2665776737659453, 6.520470017121498
0.18290882140456458, 6.397652027334985
0.04300162066357358, 6.286961344309784
-0.002488585522548277, 6.1737607581654945
-0.08275636262179051, 6.0732435147303585
-0.15684564194248868, 6.01945708471378
-0.2364268554716412, 6.0044095323742335
-0.3410899784933329, 5.9376381936323845
-0.41589425026974897, 5.822118795922783
-0.54055714339909, 5.763812935155522
-0.593839277861753, 5.7560278858643255
-0.7000644671665536, 5.6328901079259115
-0.7094608220205154, 5.538395549814037
-0.7893160292208957, 5.454875711068449
-0.7711267122554667, 5.453252271572549
-0.9165967502428428, 5.348945030079905
-0.9037122416835922, 5.284012436490991
-1.002417722607375, 5.248327110227007
-1.0280168481812622, 5.147923558713741
-1.08770698109818, 5.145673041005217
-1.0728373299767269, 5.12395557885959
-1.1944939526954534, 5.050481010433284
-1.2003721353163799, 4.9664338620938215
-1.2385128680829736, 4.899711578737579
-1.3117550735762809, 4.8405586202245425
4.97523993155271, 9.983060725798149
4.82420705631895, 9.885136925838067
4.67317418108519, 9.787213125877985
4.52214130585143, 9.689289325917903
4.376671267864055, 9.584982084425263
4.225638392630295, 9.487058284465181
4.080168354642921, 9.382751042972542
3.9291354794091595, 9.28482724301246
3.778102604175397, 9.186903443052378
3.6326325661880197, 9.082596201559738
3.548963713826638, 8.95977821177323
3.3979308385928753, 8.861854411813148
3.2468979633591126, 8.763930611853066
3.09586508812535, 8.666006811892984
2.9448322128915874, 8.568083011932902
2.7937993376578247, 8.47015921197282
2.642766462424062, 8.372235412012738
2.497296424436685, 8.267928170520099
2.3462635492029222, 8.170004370560017
2.1952306739691596, 8.072080570599935
2.044197798735397, 7.974156770639851
1.8931649235016355, 7.876232970679764
1.7421320482678742, 7.778309170719677
1.596662010280498, 7.674001929227033
1.451191972293122, 7.569694687734389
1.401205131367932, 7.434429603034662
1.2501722561341706, 7.336505803074575
1.0991393809004093, 7.238582003114487
0.9390512476152083, 7.1817666702913545
0.8383888955567929, 7.052245450820384
0.7547200431954122, 6.92942746103387
0.624494312819686, 6.877505041799165
0.4942685824439599, 6.82558262256446
0.3769177186463889, 6.71521172769116
0.31354410932062243, 6.6127790011985725
0.2176833799591546, 6.5311758345651665
0.08117725448030207, 6.442785897891343
-0.014683474881165788, 6.361182731257937
-0.09495125198040802, 6.260665487822801
-0.23485845272139905, 6.1499748047976
-0.29266922480078034, 6.041158636772456
-0.34481782771021746, 5.934577739956664
-0.45320477899926487, 5.840124149902184
-0.4843667418195374, 5.746104039921475
-0.5253746916683589, 5.692398160794655
-0.5127690102637966, 5.652287448354131
-0.5571930139426018, 5.5106389221218475
-0.6971002146835927, 5.399948239096647
-0.8207278995922683, 5.355813170365305
-0.8673136652553203, 5.242848832016956
-0.8986966693750398, 5.178125572074125
-0.8860332021152361, 5.142489828523088
-0.9912231831993713, 5.033522842620594
-1.038038449538134, 4.9728238492734755
-1.1112806550314414, 4.913670890760439
5.022121811466238, 9.979736104583466
4.871088936232478, 9.881812304623384
4.720056060998718, 9.783888504663302
4.569023185764958, 9.68596470470322
4.417990310531198, 9.588040904743139
4.266957435297438, 9.490117104783057
4.121487397310063, 9.385809863290417
3.9704545220763023, 9.287886063330335
3.8194216468425397, 9.189962263370253
3.668388771608777, 9.092038463410171
3.5173558963750144, 8.99411466345009
3.371885858387637, 8.88980742195745
3.2208529831538746, 8.791883621997368
3.069820107920112, 8.693959822037286
2.9243500699327347, 8.589652580544646
2.8069992061351625, 8.479281685671351
2.6896483423375903, 8.368910790798056
2.544178304350213, 8.264603549305416
2.426827440552641, 8.154232654432121
2.2757945653188782, 8.05630885447204
2.1358873645778864, 7.945618171446841
2.0240993380266996, 7.828863835040984
1.8730664627929383, 7.730940035080897
1.7612784362417526, 7.61418569867504
1.6269340727471469, 7.497111574117282
1.4814640347597707, 7.392804332624638
1.369676008208585, 7.276049996218781
1.2915699930935898, 7.14684856489971
1.2275711800449969, 7.066124459782098
1.1157831534938112, 6.949370123376241
0.9602226492343301, 6.872000556984631
0.8462728606988975, 6.783930408462708
0.7452015127336419, 6.740115127883267
0.6929535779006458, 6.624915518325566
0.5867283885958452, 6.501777740387152
0.45022226311699265, 6.413387803713329
0.4143426242582047, 6.32660004521506
0.30255459770701887, 6.209845708809203
0.19180177937649845, 6.107262164439266
0.13518589869760617, 6.00682846136009
0.026798947408558774, 5.912374871305611
-0.051494193508712614, 5.885221471756587
-0.15084734367523484, 5.838343330727579
-0.24739106261477076, 5.773973816579661
-0.35361625191957136, 5.650836038641247
-0.43172226703456684, 5.521634607322176
-0.4938565630824417, 5.470186815064901
-0.5435072234116635, 5.4255244367396855
-0.5902801148769913, 5.414608130161383
-0.6522973139539691, 5.351307001325142
-0.6656516101559884, 5.307457763102688
-0.7219512195924341, 5.2807455157692065
-0.7842896206975352, 5.19248358131254
-0.7769974638123415, 5.078838698602995
-0.8342963340693018, 4.995638648009307
-0.8431230012456014, 4.931235176218376
4.97523993155271, 9.983060725798149
4.82420705631895, 9.885136925838067
4.67317418108519, 9.787213125877985
4.52214130585143, 9.689289325917903
4.37110843061767, 9.591365525957821
4.225638392630295, 9.487058284465181
4.074605517396535, 9.3891344845051
3.9235726421627737, 9.291210684545018
3.811784615611587, 9.174456348139165
3.6607517403778242, 9.076532548179083
3.543400876580252, 8.966161653305788
3.3923680013464894, 8.868237853345706
3.241335126112727, 8.770314053385624
3.090302250878964, 8.672390253425542
2.9392693756452015, 8.57446645346546
2.8274813490940147, 8.457712117059607
2.676448473860252, 8.359788317099525
2.55909761006268, 8.24941742222623
2.419190409321688, 8.138726739201033
2.273720371334311, 8.034419497708393
2.1282503333469336, 7.930112256215749
1.9772174581131712, 7.832188456255662
1.8598665943156003, 7.721817561382362
5.022121811466238, 9.979736104583466
4.871088936232478, 9.881812304623384
4.720056060998718, 9.783888504663302
4.569023185764958, 9.68596470470322
4.417990310531198, 9.588040904743139
4.300639446733628, 9.477670009869843
4.149606571499868, 9.379746209909761
3.998573696266108, 9.28182240994968
3.8531036582787306, 9.17751516845704
3.7413156317275438, 9.060760832051187
3.5958455937401665, 8.956453590558548
3.4503755557527893, 8.852146349065908
3.304905517765412, 8.747839107573268
3.159435479778035, 8.643531866080629
3.0420846159804626, 8.533160971207334
2.8888899787624536, 8.463921359131184
2.7715391149648814, 8.35355046425789
2.626069076977504, 8.24924322276525
2.5479630618625078, 8.120041791446184
2.396930186628745, 8.022117991486102
2.2907049973239437, 7.898980213547689
5.006816062840793, 9.970784571073654
4.861346024853418, 9.866477329581015
4.710313149619658, 9.768553529620933
4.559280274385898, 9.67062972966085
4.408247399152138, 9.572705929700769
4.257214523918378, 9.474782129740687
4.139863660120809, 9.364411234867392
4.022512796323239, 9.254040339994097
3.8714799210894766, 9.156116540034015
3.720447045855714, 9.058192740073933
3.6030961820581417, 8.947821845200638
3.452063306824379, 8.849898045240556
3.3683944544629973, 8.727080055454048
3.251043590665425, 8.616709160580752
3.1000107154316625, 8.51878536062067
2.9545406774442853, 8.414478119128031
2.8035078022105226, 8.316554319167949
2.65247492697676, 8.218630519207867
2.507004888989383, 8.114323277715227
2.35597201375562, 8.016399477755145
2.2441839872044334, 7.899645141349289
5.006816062840793, 9.970784571073654
4.889465199043223, 9.86041367620036
4.738432323809463, 9.762489876240277
4.587399448575703, 9.664566076280195
4.436366573341943, 9.566642276320113
4.290896535354569, 9.462335034827474
4.139863660120809, 9.364411234867392
3.9888307848870483, 9.26648743490731
3.8377979096532857, 9.168563634947228
3.6923278716659085, 9.064256393454588
3.541294996432146, 8.966332593494506
3.390262121198383, 8.868408793534424
3.272911257400811, 8.75803789866113
3.1218783821670484, 8.660114098701047
2.9708455069332858, 8.562190298740965
2.819812631699523, 8.464266498780884
2.6687797564657605, 8.366342698820802
2.5233097184783833, 8.262035457328162
2.3722768432446206, 8.16411165736808
2.260488816693434, 8.047357320962227
2.148700790142247, 7.930602984556371
1.9931402858827647, 7.853233418164761
1.8476702478953886, 7.748926176672117
1.7695642327803933, 7.619724745353047
1.6836342865112068, 7.516972230708559
1.5381642485238307, 7.412664989215915
1.426376221972645, 7.295910652810058
1.3427073696112646, 7.173092663023544
1.2028001688702736, 7.062401979998343
1.0684558053756679, 6.945327855440586
0.9229857673882917, 6.841020613947942
0.8111977408371059, 6.7242662775420845
0.7151773282958146, 6.648451437998631
0.6537598249199746, 6.50009968208189
0.5530974728615592, 6.370578462610919
0.5246007663724721, 6.264081106151087
0.4128127398212863, 6.14732676974523
0.3387943635385191, 6.1258957758731265
0.3229853978253112, 6.062997975544746
0.21521410706842276, 6.02165864044138
0.16912420518116306, 5.99350868137759
0.13609986966635612, 5.907565558486235
0.02431184311517027, 5.790811222080378
-0.11559535762582072, 5.680120539055177
-0.15289445777513178, 5.588455010486902
-0.2353239968586207, 5.5166219549357
-0.220488215832904, 5.499064499477065
-0.20974007363941558, 5.3737366065714625
-0.34964727438040655, 5.263045923546262
-0.46596292995731214, 5.166845820708882
-0.5485965740980274, 5.0581986229582885
-0.47403560745482487, 5.055216055534218
-0.5738781939238551, 5.015623233213753
4.97523993155271, 9.983060725798149
4.82420705631895, 9.885136925838067
4.67317418108519, 9.787213125877985
4.52214130585143, 9.689289325917903
4.37110843061767, 9.591365525957821
4.2537575668201, 9.480994631084526
4.136406703022531, 9.37062373621123
3.9853738277887705, 9.272699936251149
3.8399037898013932, 9.16839269475851
3.6888709145676306, 9.070468894798427
3.5715200507700584, 8.960097999925132
3.4204871755362958, 8.86217419996505
3.269454300302533, 8.764250400004968
3.152103436504961, 8.653879505131673
3.0066333985175837, 8.549572263639034
2.9285273834025873, 8.420370832319968
2.78305734541521, 8.316063590827328
2.6320244701814475, 8.218139790867246
2.4865544321940702, 8.113832549374607
2.3747664056428834, 7.997078212968753
5.022121811466238, 9.979736104583466
4.871088936232478, 9.881812304623384
4.725618898245103, 9.777505063130745
4.574586023011343, 9.679581263170663
4.423553147777583, 9.58165746321058
4.278083109790209, 9.477350221717941
4.127050234556449, 9.37942642175786
3.976017359322688, 9.281502621797777
3.8249844840889256, 9.183578821837695
3.6795144461015483, 9.079271580345056
3.5284815708677857, 8.981347780384974
3.3830115328804085, 8.877040538892334
3.231978657646646, 8.779116738932252
3.080945782412883, 8.68119293897217
2.963594918615311, 8.570822044098875
2.8910517407467, 8.435237171247252
2.8129457256317036, 8.306035739928186
2.7685217219528977, 8.164387213695907
2.6230516839655205, 8.060079972203267
2.472018808731758, 7.962156172243183
4.97523993155271, 9.983060725798149
4.82420705631895, 9.885136925838067
4.67317418108519, 9.787213125877985
4.52214130585143, 9.689289325917903
4.37110843061767, 9.591365525957821
4.259320404066486, 9.474611189551968
4.108287528832726, 9.376687389591886
3.990936665035156, 9.266316494718591
3.8454666270477786, 9.162009253225952
3.7281157632502064, 9.051638358352657
3.577082888016444, 8.953714558392575
3.426050012782681, 8.855790758432493
3.2750171375489185, 8.75786695847241
3.123984262315156, 8.659943158512329
2.9729513870813933, 8.562019358552247
2.8330441863404014, 8.45132867552705
2.7156933225428292, 8.340957780653754
2.570223284555452, 8.236650539161115
2.45287242075788, 8.12627964428782
2.3185280572632734, 8.009205519730065
2.2234285424512428, 7.873300858726537
5.029699774898013, 9.995766399758203
4.878666899664253, 9.897842599798121
4.727634024430493, 9.79991879983804
4.576601149196733, 9.701994999877957
4.425568273962973, 9.604071199917875
4.341899421601594, 9.481253210131367
4.188704784383587, 9.412013598055218
4.037671909149827, 9.314089798095136
3.89220187116245, 9.209782556602496
3.7411689959286876, 9.111858756642414
3.590136120694925, 9.013934956682332
3.4839109313901235, 8.890797178743922
3.332878056156361, 8.79287337878384
3.1818451809225983, 8.694949578823758
3.036375142935221, 8.590642337331118
2.9448823594196485, 8.494273264219192
2.853389575904076, 8.397904191107266
2.769720723542694, 8.275086201320757
2.713104842863801, 8.174652498241585
2.601316816312614, 8.057898161835732
5.006816062840793, 9.970784571073654
4.861346024853418, 9.866477329581015
4.715875986866044, 9.762170088088375
4.564843111632284, 9.664246288128293
4.413810236398524, 9.566322488168211
4.262777361164764, 9.46839868820813
4.111744485931004, 9.370474888248047
3.960711610697243, 9.272551088287965
3.8433607468996707, 9.16218019341467
3.692327871665908, 9.064256393454588
3.5412949964321454, 8.966332593494506
3.4576261440707636, 8.843514603707998
3.373957291709382, 8.72069661392149
3.2284872537220046, 8.61638937242885
3.088580052981013, 8.505698689403653
2.976792026429826, 8.3889443529978
2.904248848561215, 8.253359480146177
2.758778810573838, 8.149052238653537
2.646990784022651, 8.032297902247684
5.006816062840793, 9.970784571073654
4.855783187607033, 9.872860771113572
4.704750312373273, 9.77493697115349
4.553717437139513, 9.677013171193408
4.402684561905753, 9.579089371233326
4.251651686671993, 9.481165571273245
4.100618811438233, 9.383241771313163
3.9888307848870483, 9.26648743490731
3.843360746899671, 9.16218019341467
3.726009883102099, 9.051809298541375
3.5749770078683363, 8.953885498581293
3.4239441326345736, 8.855961698621211
3.272911257400811, 8.75803789866113
3.1948052422858146, 8.628836467342063
3.054898041544823, 8.518145784316866
2.9094280035574456, 8.413838542824227
2.7695208028164537, 8.30314785979903
2.6240507648290765, 8.19884061830639
2.5122627382778897, 8.082086281900537
2.400474711726703, 7.965331945494682
5.022121811466238, 9.979736104583466
4.871088936232478, 9.881812304623384
4.720056060998718, 9.783888504663302
4.569023185764958, 9.68596470470322
4.417990310531198, 9.588040904743139
4.306202283980014, 9.471286568337286
4.155169408746254, 9.373362768377204
4.0152622080052645, 9.262672085352007
3.864229332771502, 9.164748285391925
3.72432213203051, 9.054057602366727
3.5732892567967474, 8.956133802406645
3.4222563815629847, 8.858210002446564
3.2767863435756075, 8.753902760953924
3.1594354797780353, 8.643531866080629
3.081329464663039, 8.514330434761563
2.969541438111852, 8.39757609835571
2.85219057431428, 8.287205203482415
2.7011576990805173, 8.189281403522333
2.55568766109314, 8.084974162029694
2.438336797295568, 7.974603267156397
5.006816062840793, 9.970784571073654
4.855783187607033, 9.872860771113572
4.738432323809463, 9.762489876240277
4.587399448575703, 9.664566076280195
4.441929410588329, 9.560258834787556
4.290896535354569, 9.462335034827474
4.139863660120809, 9.364411234867392
4.022512796323239, 9.254040339994097
3.8770427583358624, 9.149733098501457
3.7260098831021, 9.051809298541375
3.574977007868337, 8.953885498581293
3.4350698071273453, 8.843194815556096
3.3232817805761585, 8.726440479150243
3.172248905342396, 8.628516679190161
3.12782490166359, 8.486868152957882
2.9823548636762127, 8.382560911465243
2.8650039998786405, 8.272190016591948
2.758778810573839, 8.149052238653537
2.6469907840226523, 8.032297902247684
4.97523993155271, 9.983060725798149
4.85788906775514, 9.872689830924854
4.712419029767766, 9.768382589432214
4.566948991780391, 9.664075347939574
4.415916116546631, 9.566151547979493
4.264883241312871, 9.46822774801941
4.113850366079111, 9.370303948059329
3.9628174908453504, 9.272380148099247
3.817347452857973, 9.168072906606607
3.6663145776242105, 9.070149106646525
3.5489637138266383, 8.95977821177323
3.4457200520954685, 8.897884643101392
3.294687176861706, 8.79996084314131
3.1436543016279432, 8.702037043181228
2.998184263640566, 8.597729801688589
2.8471513884068034, 8.499806001728507
2.6961185131730407, 8.401882201768425
2.545085637939278, 8.303958401808343
2.399615599951901, 8.199651160315703
2.259708399210909, 8.088960477290506
2.1564752892614063, 8.073829384595003
2.07836927414641, 7.944627953275934
1.927336398912648, 7.846704153315847
1.86890042311044, 7.759596606665678
1.7626752338056395, 7.636458828727264
1.656450044500839, 7.51332105078885
4.97523993155271, 9.983060725798149
4.82420705631895, 9.885136925838067
4.67317418108519, 9.787213125877985
4.52214130585143, 9.689289325917903
4.37110843061767, 9.591365525957821
4.22007555538391, 9.493441725997739
4.1027246915863405, 9.383070831124444
3.9516918163525796, 9.285147031164362
3.800658941118817, 9.18722323120428
