8.037, 4.077, 2.258, -0.388
7.973, 4.155, 2.258, -0.380
7.910, 4.232, 2.258, -0.360
7.846, 4.309, 2.258, -0.339
7.783, 4.386, 2.258, -0.319
7.719, 4.464, 2.258, -0.299
7.656, 4.541, 2.258, -0.279
7.592, 4.618, 2.258, -0.259
7.529, 4.695, 2.258, -0.239
7.465, 4.773, 2.258, -0.219
7.402, 4.850, 2.258, -0.199
7.338, 4.927, 2.258, -0.179
7.275, 5.005, 2.258, -0.159
7.211, 5.082, 2.258, -0.139
7.148, 5.159, 2.258, -0.119
7.084, 5.236, 2.258, -0.099
7.021, 5.314, 2.258, -0.079
6.958, 5.391, 2.258, -0.059
6.894, 5.468, 2.258, -0.039
6.831, 5.546, 2.258, -0.019
6.767, 5.623, 2.258, 0.000
6.704, 5.700, 2.258, 0.020
6.640, 5.777, 2.258, 0.040
6.577, 5.855, 2.258, 0.092
6.513, 5.932, 2.258, 0.111
6.450, 6.009, 2.258, 0.131
6.386, 6.086, 2.258, 0.150
6.323, 6.164, 2.258, 0.170
6.259, 6.241, 2.258, 0.189
6.196, 6.318, 2.258, 0.208
6.132, 6.396, 2.258, 0.228
6.069, 6.473, 2.258, 0.247
6.006, 6.550, 2.258, 0.266
5.942, 6.627, 2.258, 0.094
5.879, 6.705, 2.258, 0.114
5.815, 6.782, 2.258, 0.135
5.752, 6.859, 2.258, 0.155
5.688, 6.937, 2.258, 0.176
5.625, 7.014, 2.258, 0.196
5.561, 7.091, 2.258, 0.217
5.498, 7.168, 2.258, 0.237
5.434, 7.246, 2.258, 0.258
5.371, 7.323, 2.258, 0.278
5.307, 7.400, 2.258, 0.299
5.244, 7.477, 2.258, 0.319
5.180, 7.555, 2.258, 0.339
5.117, 7.632, 2.258, 0.360
5.053, 7.709, 2.258, 0.380
4.990, 7.787, 2.258, 0.400
4.927, 7.864, 2.258, 0.421
4.863, 7.941, 2.258, 0.441
4.800, 8.018, 2.258, 0.461
4.736, 8.096, 2.258, 0.481
4.673, 8.173, 2.258, 0.501
4.609, 8.250, 2.258, 0.521
4.546, 8.327, 2.258, 0.541
4.482, 8.405, 2.258, 0.561
4.419, 8.482, 2.258, 0.581
4.355, 8.559, 2.258, 0.601
4.292, 8.637, 2.258, 0.620
8.037, 4.077, 2.258, -0.388
7.973, 4.155, 2.258, -0.379
7.910, 4.232, 2.258, -0.359
7.846, 4.309, 2.258, -0.314
7.783, 4.386, 2.258, -0.319
7.719, 4.464, 2.258, -0.299
7.656, 4.541, 2.258, -0.253
7.592, 4.618, 2.258, -0.233
7.529, 4.695, 2.258, -0.213
7.465, 4.773, 2.258, -0.193
7.402, 4.850, 2.258, -0.173
7.338, 4.927, 2.258, -0.153
7.275, 5.005, 2.258, -0.133
7.211, 5.082, 2.258, -0.113
7.148, 5.159, 2.258, -0.093
7.084, 5.236, 2.258, -0.073
7.021, 5.314, 2.258, -0.053
6.958, 5.391, 2.258, -0.034
6.894, 5.468, 2.258, -0.014
6.831, 5.546, 2.258, 0.006
6.767, 5.623, 2.258, 0.025
6.704, 5.700, 2.258, 0.045
6.640, 5.777, 2.258, 0.065
6.577, 5.855, 2.258, 0.084
6.513, 5.932, 2.258, 0.104
6.450, 6.009, 2.258, 0.123
6.386, 6.086, 2.258, 0.142
6.323, 6.164, 2.258, 0.162
6.259, 6.241, 2.258, 0.181
6.196, 6.318, 2.258, 0.200
6.132, 6.396, 2.258, 0.219
6.069, 6.473, 2.258, 0.238
6.006, 6.550, 2.258, 0.257
5.942, 6.627, 2.258, 0.275
5.879, 6.705, 2.258, 0.294
5.815, 6.782, 2.258, 0.312
5.752, 6.859, 2.258, 0.331
5.688, 6.937, 2.258, 0.349
5.625, 7.014, 2.258, 0.367
5.561, 7.091, 2.258, 0.385
5.498, 7.168, 2.258, 0.402
5.434, 7.246, 2.258, 0.420
5.371, 7.323, 2.258, 0.437
5.307, 7.400, 2.258, 0.454
5.244, 7.477, 2.258, 0.471
5.180, 7.555, 2.258, 0.487
5.117, 7.632, 2.258, 0.503
5.053, 7.709, 2.258, 0.519
4.990, 7.787, 2.258, 0.534
4.927, 7.864, 2.258, 0.549
4.863, 7.941, 2.258, 0.564
4.800, 8.018, 2.258, 0.577
4.736, 8.096, 2.258, 0.591
4.673, 8.173, 2.258, 0.603
4.609, 8.250, 2.258, 0.615
4.546, 8.327, 2.258, 0.626
4.482, 8.405, 2.258, 0.636
4.419, 8.482, 2.258, 0.645
4.355, 8.559, 2.258, 0.653
4.292, 8.637, 2.258, 0.660
4.228, 8.714, 2.258, 0.666
4.165, 8.791, 2.258, 0.671
4.101, 8.868, 2.258, 0.674
8.037, 4.077, 2.258, -0.413
7.973, 4.155, 2.258, -0.393
7.910, 4.232, 2.258, -0.372
7.846, 4.309, 2.258, -0.352
7.783, 4.386, 2.258, -0.332
7.719, 4.464, 2.258, -0.312
7.656, 4.541, 2.258, -0.292
7.592, 4.618, 2.258, -0.271
7.529, 4.695, 2.258, -0.251
7.465, 4.773, 2.258, -0.231
7.402, 4.850, 2.258, -0.211
7.338, 4.927, 2.258, -0.191
7.275, 5.005, 2.258, -0.171
7.211, 5.082, 2.258, -0.237
7.148, 5.159, 2.258, -0.217
7.084, 5.236, 2.258, -0.196
7.021, 5.314, 2.258, -0.176
6.958, 5.391, 2.258, -0.155
6.894, 5.468, 2.258, -0.135
6.831, 5.546, 2.258, -0.267
6.767, 5.623, 2.258, -0.246
6.704, 5.700, 2.258, -0.816
6.640, 5.777, 2.258, -0.796
6.577, 5.855, 2.258, -0.777
6.513, 5.932, 2.258, -0.757
6.450, 6.009, 2.258, -0.738
6.386, 6.086, 2.258, -0.718
6.323, 6.164, 2.258, -0.699
6.259, 6.241, 2.258, -0.679
6.196, 6.318, 2.258, -0.660
6.132, 6.396, 2.258, -0.640
6.069, 6.473, 2.258, -0.818
6.006, 6.550, 2.258, -0.799
5.942, 6.627, 2.258, -0.780
5.879, 6.705, 2.258, -0.762
5.815, 6.782, 2.258, -0.743
5.752, 6.859, 2.258, -0.724
5.688, 6.937, 2.258, -0.706
5.625, 7.014, 2.258, -0.687
5.561, 7.091, 2.258, -0.669
5.498, 7.168, 2.258, -0.651
5.434, 7.246, 2.258, -0.632
5.371, 7.323, 2.258, -0.614
5.307, 7.400, 2.258, -0.628
5.244, 7.477, 2.258, -0.973
5.180, 7.555, 2.258, -0.956
5.117, 7.632, 2.258, -0.939
5.053, 7.709, 2.258, -0.923
4.990, 7.787, 2.258, -0.906
4.927, 7.864, 2.258, -0.981
4.863, 7.941, 2.258, -1.181
4.800, 8.018, 2.258, -1.165
4.736, 8.096, 2.258, -1.149
4.673, 8.173, 2.258, -1.133
4.609, 8.250, 2.258, -1.117
4.546, 8.327, 2.258, -1.102
4.482, 8.405, 2.258, -1.086
4.419, 8.482, 2.258, -1.070
4.355, 8.559, 2.258, -1.055
4.292, 8.637, 2.258, -1.040
4.228, 8.714, 2.258, -1.024
4.165, 8.791, 2.258, -1.018
4.101, 8.868, 2.258, -1.003
4.038, 8.946, 2.258, -0.988
3.974, 9.023, 2.258, -0.973
3.911, 9.100, 2.258, -0.958
3.848, 9.178, 2.258, -0.944
3.784, 9.255, 2.258, -0.929
3.721, 9.332, 2.258, -0.915
3.657, 9.409, 2.258, -0.901
3.594, 9.487, 2.258, -0.887
3.530, 9.564, 2.258, -0.873
3.467, 9.641, 2.258, -0.859
3.403, 9.718, 2.258, -0.845
3.340, 9.796, 2.258, -0.831
3.276, 9.873, 2.258, -0.818
3.213, 9.950, 2.258, -0.805
3.177, 9.857, 2.258, -0.791
3.113, 9.934, 2.258, -0.784
3.017, 9.962, 2.258, -0.839
2.935, 9.906, 2.258, -0.819
2.871, 9.983, 2.258, -0.802
2.894, 9.886, 2.258, -0.789
2.830, 9.963, 2.258, -0.794
2.929, 9.949, 2.258, -0.780
3.019, 9.993, 2.258, -0.801
2.919, 9.993, 2.258, -0.819
3.018, 9.979, 2.258, -0.799
3.117, 9.965, 2.258, -0.819
3.081, 9.872, 2.258, -0.840
3.017, 9.949, 2.258, -0.832
2.981, 9.856, 2.258, -0.930
7.937, 4.077, 2.258, -0.335
7.873, 4.155, 2.258, -0.315
7.810, 4.232, 2.258, -0.295
7.746, 4.309, 2.258, -0.275
7.683, 4.386, 2.258, -0.255
7.619, 4.464, 2.258, -0.235
7.556, 4.541, 2.258, -0.215
7.492, 4.618, 2.258, -0.195
7.429, 4.695, 2.258, -0.175
7.365, 4.773, 2.258, -0.156
7.302, 4.850, 2.258, -0.136
7.238, 4.927, 2.258, -0.116
7.175, 5.005, 2.258, -0.096
7.111, 5.082, 2.258, -0.077
7.048, 5.159, 2.258, -0.057
6.984, 5.236, 2.258, -0.038
6.921, 5.314, 2.258, -0.018
6.858, 5.391, 2.258, 0.001
6.794, 5.468, 2.258, 0.021
6.731, 5.546, 2.258, 0.040
6.667, 5.623, 2.258, 0.059
6.604, 5.700, 2.258, 0.078
6.540, 5.777, 2.258, 0.097
6.477, 5.855, 2.258, 0.116
6.413, 5.932, 2.258, 0.135
6.350, 6.009, 2.258, 0.154
6.286, 6.086, 2.258, 0.173
6.223, 6.164, 2.258, 0.192
6.159, 6.241, 2.258, 0.210
6.096, 6.318, 2.258, 0.229
6.032, 6.396, 2.258, 0.247
5.969, 6.473, 2.258, 0.266
5.906, 6.550, 2.258, 0.284
5.842, 6.627, 2.258, 0.302
5.779, 6.705, 2.258, 0.319
5.715, 6.782, 2.258, 0.307
5.652, 6.859, 2.258, 0.325
5.588, 6.937, 2.258, 0.342
5.525, 7.014, 2.258, 0.360
5.461, 7.091, 2.258, 0.378
5.398, 7.168, 2.258, 0.395
5.334, 7.246, 2.258, 0.412
5.271, 7.323, 2.258, 0.429
5.207, 7.400, 2.258, 0.445
5.144, 7.477, 2.258, 0.461
5.080, 7.555, 2.258, 0.477
5.017, 7.632, 2.258, 0.493
4.953, 7.709, 2.258, 0.508
4.890, 7.787, 2.258, 0.523
4.827, 7.864, 2.258, 0.537
4.763, 7.941, 2.258, 0.551
4.700, 8.018, 2.258, 0.564
4.636, 8.096, 2.258, 0.577
4.573, 8.173, 2.258, 0.588
4.509, 8.250, 2.258, 0.600
4.446, 8.327, 2.258, 0.610
4.382, 8.405, 2.258, 0.620
4.319, 8.482, 2.258, 0.628
4.255, 8.559, 2.258, 0.636
4.192, 8.637, 2.258, 0.642
4.128, 8.714, 2.258, 0.648
4.065, 8.791, 2.258, 0.652
4.001, 8.868, 2.258, 0.655
3.938, 8.946, 2.258, 0.657
3.874, 9.023, 2.258, 0.657
7.937, 4.077, 2.258, -0.434
7.873, 4.155, 2.258, -0.410
7.810, 4.232, 2.258, -0.396
7.746, 4.309, 2.258, -0.401
7.683, 4.386, 2.258, -0.406
7.619, 4.464, 2.258, -0.356
7.556, 4.541, 2.258, -0.996
7.492, 4.618, 2.258, -0.976
7.429, 4.695, 2.258, -0.956
7.365, 4.773, 2.258, -0.936
7.302, 4.850, 2.258, -0.915
7.238, 4.927, 2.258, -0.895
7.175, 5.005, 2.258, -0.875
7.111, 5.082, 2.258, -0.855
7.048, 5.159, 2.258, -0.835
6.984, 5.236, 2.258, -0.815
6.921, 5.314, 2.258, -0.795
6.858, 5.391, 2.258, -0.775
6.794, 5.468, 2.258, -0.755
6.731, 5.546, 2.258, -0.735
6.667, 5.623, 2.258, -0.715
6.604, 5.700, 2.258, -0.695
6.540, 5.777, 2.258, -0.675
6.477, 5.855, 2.258, -0.655
6.413, 5.932, 2.258, -0.635
6.350, 6.009, 2.258, -0.616
6.286, 6.086, 2.258, -0.596
6.223, 6.164, 2.258, -0.576
6.159, 6.241, 2.258, -0.556
6.096, 6.318, 2.258, -0.536
6.032, 6.396, 2.258, -0.517
5.969, 6.473, 2.258, -0.497
5.906, 6.550, 2.258, -0.477
5.842, 6.627, 2.258, -0.458
5.779, 6.705, 2.258, -0.438
5.715, 6.782, 2.258, -0.419
5.652, 6.859, 2.258, -0.399
5.588, 6.937, 2.258, -0.380
5.525, 7.014, 2.258, -0.360
5.461, 7.091, 2.258, -0.341
5.398, 7.168, 2.258, -0.321
5.334, 7.246, 2.258, -0.302
5.271, 7.323, 2.258, -0.283
5.207, 7.400, 2.258, -0.264
5.144, 7.477, 2.258, -0.245
5.080, 7.555, 2.258, -0.225
5.017, 7.632, 2.258, -0.206
4.953, 7.709, 2.258, -0.188
4.890, 7.787, 2.258, -0.169
4.827, 7.864, 2.258, -0.150
4.763, 7.941, 2.258, -0.131
4.700, 8.018, 2.258, -0.113
4.636, 8.096, 2.258, -0.094
4.573, 8.173, 2.258, -0.076
4.509, 8.250, 2.258, -0.057
4.446, 8.327, 2.258, -0.039
4.382, 8.405, 2.258, -0.021
4.319, 8.482, 2.258, -0.003
4.255, 8.559, 2.258, 0.015
4.192, 8.637, 2.258, 0.033
4.128, 8.714, 2.258, 0.051
4.065, 8.791, 2.258, 0.068
4.001, 8.868, 2.258, 0.085
3.938, 8.946, 2.258, 0.102
3.874, 9.023, 2.258, 0.119
3.811, 9.100, 2.258, 0.136
3.748, 9.178, 2.258, 0.153
3.684, 9.255, 2.258, 0.169
3.621, 9.332, 2.258, 0.185
3.557, 9.409, 2.258, 0.201
3.494, 9.487, 2.258, 0.216
3.430, 9.564, 2.258, 0.231
3.367, 9.641, 2.258, 0.246
3.303, 9.718, 2.258, 0.261
3.240, 9.796, 2.258, 0.275
3.176, 9.873, 2.258, 0.288
3.113, 9.950, 2.258, 0.301
3.017, 9.978, 2.258, 0.314
2.934, 9.922, 2.258, 0.255
2.871, 9.999, 2.258, 0.272
2.835, 9.906, 2.258, 0.285
2.771, 9.983, 2.258, 0.293
2.735, 9.890, 2.258, 0.305
2.671, 9.967, 2.258, 0.313
2.635, 9.874, 2.258, 0.326
2.572, 9.951, 2.258, 0.334
2.535, 9.858, 2.258, 0.347
2.472, 9.935, 2.258, 0.355
2.376, 9.963, 2.258, 0.368
2.450, 9.896, 2.258, 0.387
2.386, 9.973, 2.258, 0.373
2.409, 9.876, 2.258, 0.385
2.346, 9.953, 2.258, 0.381
2.250, 9.981, 2.258, 0.273
2.167, 9.924, 2.258, 0.292
2.071, 9.952, 2.258, 0.310
2.161, 9.997, 2.258, 0.274
2.078, 9.940, 2.258, 0.255
1.982, 9.968, 2.258, 0.272
1.900, 9.912, 2.258, 0.292
1.836, 9.989, 2.258, 0.309
1.800, 9.896, 2.258, 0.323
1.736, 9.973, 2.258, 0.343
1.700, 9.880, 2.258, 0.356
1.637, 9.957, 2.258, 0.363
1.710, 9.889, 2.258, 0.377
1.647, 9.967, 2.258, 0.361
1.746, 9.953, 2.258, 0.374
1.650, 9.981, 2.258, 0.354
1.550, 9.981, 2.258, 0.374
1.573, 9.883, 2.258, 0.394
1.509, 9.960, 2.258, 0.390
1.583, 9.893, 2.258, 0.403
1.519, 9.970, 2.258, 0.388
1.593, 9.903, 2.258, 0.401
1.530, 9.980, 2.258, 0.386
1.552, 9.883, 2.258, 0.399
1.489, 9.960, 2.258, 0.394
1.453, 9.867, 2.258, 0.407
1.389, 9.944, 2.258, 0.392
1.353, 9.851, 2.258, 0.404
1.290, 9.928, 2.258, 0.358
1.194, 9.956, 2.258, 0.370
1.111, 9.899, 2.258, 0.389
1.048, 9.977, 2.258, 0.402
1.147, 9.963, 2.258, 0.415
1.064, 9.906, 2.258, 0.395
1.001, 9.983, 2.258, 0.412
0.918, 9.927, 2.258, 0.425
0.992, 9.859, 2.258, 0.442
0.928, 9.937, 2.258, 0.427
0.951, 9.839, 2.258, 0.440
0.888, 9.917, 2.258, 0.436
0.824, 9.994, 2.258, 0.449
0.724, 9.994, 2.258, 0.461
0.823, 9.980, 2.258, 0.482
0.922, 9.966, 2.258, 0.456
1.021, 9.951, 2.258, 0.435
0.921, 9.951, 2.258, 0.404
1.011, 9.996, 2.258, 0.425
0.928, 9.939, 2.258, 0.406
0.892, 9.846, 2.258, 0.376
0.828, 9.923, 2.258, 0.343
0.792, 9.830, 2.258, 0.351
0.729, 9.907, 2.258, 0.358
0.665, 9.985, 2.258, 0.371
0.565, 9.985, 2.258, 0.385
0.483, 9.928, 2.258, 0.405
0.383, 9.928, 2.258, 0.422
0.482, 9.914, 2.258, 0.443
0.418, 9.991, 2.258, 0.423
0.318, 9.991, 2.258, 0.436
0.341, 9.894, 2.258, 0.456
0.278, 9.971, 2.258, 0.452
0.241, 9.878, 2.258, 0.465
0.178, 9.955, 2.258, 0.472
0.201, 9.858, 2.258, 0.428
7.904, 4.028, 2.858, -0.441
7.808, 4.056, 2.858, -0.452
7.712, 4.084, 2.858, -0.412
7.616, 4.112, 2.858, -0.423
7.520, 4.140, 2.858, -0.434
7.424, 4.168, 2.858, -0.401
7.328, 4.196, 2.858, -0.413
7.232, 4.224, 2.858, -0.423
7.136, 4.251, 2.858, -0.434
7.040, 4.279, 2.858, -0.394
6.944, 4.307, 2.858, -0.405
6.848, 4.335, 2.858, -0.415
6.752, 4.363, 2.858, -0.425
6.656, 4.391, 2.858, -0.433
6.560, 4.419, 2.858, -0.440
6.464, 4.447, 2.858, -0.422
6.368, 4.475, 2.858, -0.432
6.272, 4.503, 2.858, -0.441
6.176, 4.531, 2.858, -0.451
6.080, 4.559, 2.858, -0.419
5.984, 4.587, 2.858, -0.428
5.888, 4.615, 2.858, -0.437
5.792, 4.643, 2.858, -0.446
5.696, 4.671, 2.858, -0.454
5.600, 4.699, 2.858, -0.415
5.504, 4.726, 2.858, -0.423
5.408, 4.754, 2.858, -0.431
5.312, 4.782, 2.858, -0.393
5.216, 4.810, 2.858, -0.401
5.119, 4.838, 2.858, -0.370
5.023, 4.866, 2.858, -0.378
4.927, 4.894, 2.858, -0.385
4.831, 4.922, 2.858, -0.393
4.735, 4.950, 2.858, -0.362
4.639, 4.978, 2.858, -0.369
4.543, 5.006, 2.858, -0.376
4.447, 5.034, 2.858, -0.383
4.351, 5.062, 2.858, -0.390
4.255, 5.090, 2.858, -0.359
4.159, 5.118, 2.858, -0.366
4.063, 5.146, 2.858, -0.372
3.967, 5.174, 2.858, -0.378
3.871, 5.201, 2.858, -0.340
3.775, 5.229, 2.858, -0.346
3.679, 5.257, 2.858, -0.309
3.583, 5.285, 2.858, -0.315
3.487, 5.313, 2.858, -0.320
3.391, 5.341, 2.858, -0.324
3.295, 5.369, 2.858, -0.318
3.199, 5.397, 2.858, -0.323
3.103, 5.425, 2.858, -0.328
3.007, 5.453, 2.858, -0.291
2.911, 5.481, 2.858, -0.255
2.815, 5.509, 2.858, -0.259
2.719, 5.537, 2.858, -0.264
2.623, 5.565, 2.858, -0.268
2.527, 5.593, 2.858, -0.270
2.431, 5.621, 2.858, -0.234
2.335, 5.649, 2.858, -0.238
2.239, 5.676, 2.858, -0.242
2.143, 5.704, 2.858, -0.207
2.047, 5.732, 2.858, -0.210
1.951, 5.760, 2.858, -0.212
1.855, 5.788, 2.858, -0.193
1.759, 5.816, 2.858, -0.196
1.663, 5.844, 2.858, -0.199
1.567, 5.872, 2.858, -0.202
1.471, 5.900, 2.858, -0.194
1.375, 5.928, 2.858, -0.197
1.279, 5.956, 2.858, -0.199
1.183, 5.984, 2.858, -0.192
1.087, 6.012, 2.858, -0.194
0.991, 6.040, 2.858, -0.196
0.895, 6.068, 2.858, -0.160
0.799, 6.096, 2.858, -0.162
0.703, 6.124, 2.858, -0.162
0.607, 6.151, 2.858, -0.127
0.511, 6.179, 2.858, -0.098
0.415, 6.207, 2.858, -0.099
7.904, 4.028, 2.858, -0.403
7.808, 4.056, 2.858, -0.389
7.712, 4.084, 2.858, -0.376
7.616, 4.112, 2.858, -0.362
7.520, 4.140, 2.858, -0.349
7.424, 4.168, 2.858, -0.335
7.328, 4.196, 2.858, -0.322
7.232, 4.224, 2.858, -0.309
7.136, 4.251, 2.858, -0.297
7.040, 4.279, 2.858, -0.284
6.944, 4.307, 2.858, -0.272
6.848, 4.335, 2.858, -0.260
6.752, 4.363, 2.858, -0.248
6.656, 4.391, 2.858, -0.237
6.560, 4.419, 2.858, -0.225
6.464, 4.447, 2.858, -0.214
6.368, 4.475, 2.858, -0.203
6.272, 4.503, 2.858, -0.193
6.176, 4.531, 2.858, -0.183
6.080, 4.559, 2.858, -0.173
5.984, 4.587, 2.858, -0.163
5.888, 4.615, 2.858, -0.153
5.792, 4.643, 2.858, -0.144
5.696, 4.671, 2.858, -0.136
5.600, 4.699, 2.858, -0.127
5.504, 4.726, 2.858, -0.119
5.408, 4.754, 2.858, -0.111
5.312, 4.782, 2.858, -0.104
5.216, 4.810, 2.858, -0.096
5.119, 4.838, 2.858, -0.090
5.023, 4.866, 2.858, -0.083
4.927, 4.894, 2.858, -0.077
4.831, 4.922, 2.858, -0.071
4.735, 4.950, 2.858, -0.066
4.639, 4.978, 2.858, -0.061
4.543, 5.006, 2.858, -0.057
4.447, 5.034, 2.858, -0.053
4.351, 5.062, 2.858, -0.049
4.255, 5.090, 2.858, -0.045
4.159, 5.118, 2.858, -0.042
4.063, 5.146, 2.858, -0.040
3.967, 5.174, 2.858, -0.038
3.871, 5.201, 2.858, -0.036
3.775, 5.229, 2.858, -0.035
3.679, 5.257, 2.858, -0.034
3.583, 5.285, 2.858, -0.033
3.487, 5.313, 2.858, -0.033
3.391, 5.341, 2.858, -0.034
3.295, 5.369, 2.858, -0.035
3.199, 5.397, 2.858, -0.036
3.103, 5.425, 2.858, -0.038
3.007, 5.453, 2.858, -0.040
2.911, 5.481, 2.858, -0.042
2.815, 5.509, 2.858, -0.045
2.719, 5.537, 2.858, -0.048
2.623, 5.565, 2.858, -0.052
2.527, 5.593, 2.858, -0.056
2.431, 5.621, 2.858, -0.061
2.335, 5.649, 2.858, -0.065
2.239, 5.676, 2.858, -0.071
2.143, 5.704, 2.858, -0.076
2.047, 5.732, 2.858, -0.082
1.951, 5.760, 2.858, -0.089
1.855, 5.788, 2.858, -0.095
1.759, 5.816, 2.858, -0.103
1.663, 5.844, 2.858, -0.110
1.567, 5.872, 2.858, -0.118
1.471, 5.900, 2.858, -0.126
1.375, 5.928, 2.858, -0.134
1.279, 5.956, 2.858, -0.143
1.183, 5.984, 2.858, -0.152
1.087, 6.012, 2.858, -0.162
0.991, 6.040, 2.858, -0.171
0.895, 6.068, 2.858, -0.181
0.799, 6.096, 2.858, -0.191
0.703, 6.124, 2.858, -0.202
0.607, 6.151, 2.858, -0.213
0.511, 6.179, 2.858, -0.224
0.415, 6.207, 2.858, -0.235
0.319, 6.235, 2.858, -0.246
0.223, 6.263, 2.858, -0.258
0.127, 6.291, 2.858, -0.270
0.031, 6.319, 2.858, -0.282
-0.065, 6.347, 2.858, -0.295
-0.161, 6.375, 2.858, -0.308
-0.257, 6.403, 2.858, -0.320
-0.353, 6.431, 2.858, -0.333
-0.449, 6.459, 2.858, -0.347
-0.546, 6.487, 2.858, -0.360
-0.642, 6.515, 2.858, -0.374
-0.738, 6.543, 2.858, -0.388
-0.834, 6.571, 2.858, -0.402
-0.930, 6.599, 2.858, -0.416
-1.026, 6.627, 2.858, -0.430
-1.122, 6.654, 2.858, -0.444
-1.218, 6.682, 2.858, -0.459
-1.314, 6.710, 2.858, -0.474
-1.410, 6.738, 2.858, -0.489
-1.506, 6.766, 2.858, -0.504
-1.602, 6.794, 2.858, -0.519
-1.698, 6.822, 2.858, -0.534
-1.794, 6.850, 2.858, -0.550
-1.890, 6.878, 2.858, -0.565
-1.986, 6.906, 2.858, -0.581
-2.082, 6.934, 2.858, -0.597
-2.178, 6.962, 2.858, -0.613
-2.274, 6.990, 2.858, -0.629
-2.370, 7.018, 2.858, -0.645
-2.466, 7.046, 2.858, -0.661
-2.562, 7.074, 2.858, -0.677
-2.658, 7.102, 2.858, -0.694
-2.754, 7.129, 2.858, -0.710
-2.850, 7.157, 2.858, -0.727
-2.946, 7.185, 2.858, -0.744
-3.042, 7.213, 2.858, -0.760
-3.138, 7.241, 2.858, -0.777
-3.234, 7.269, 2.858, -0.794
-3.330, 7.297, 2.858, -0.811
-3.426, 7.325, 2.858, -0.828
-3.522, 7.353, 2.858, -0.845
-3.618, 7.381, 2.858, -0.863
